-0.0963591188192368
-0.0445883795619011
-0.0081428997218609
-0.0161350034177303
-0.0105976890772581
-0.0103324949741364
0.0407244451344013
0.0024817115627229
-0.0163611471652985
0.0145091162994504
-0.0456489361822605
-0.0131670124828815
-0.0031715091317892
-0.0143722277134657
-0.0156780499964952
-0.0450085662305355
-0.0300307571887970
-0.0292514339089394
-0.0436687953770161
-0.0465237647294998
0.0173753276467323
-0.0211306773126125
-0.0066132061183453
-0.0277882553637028
0.0121306590735912
-0.0301211662590504
-0.0404330827295780
-0.0495197623968124
-0.0215590968728065
0.0357316061854362
-0.0258833300322294
-0.0309895332902670
