-0.0026945623103529
-0.0748274475336075
-0.0361645519733429
-0.0257729236036539
-0.0357564277946949
-0.0011548962211236
-0.0473450981080532
-0.0487731210887432
-0.0858655869960785
-0.0620563067495823
0.0764156579971313
-0.0301926694810390
-0.0524857528507710
0.0078540388494730
-0.0368184708058834
0.0370968021452427
-0.0648462399840355
-0.0117180664092302
-0.0230865236371756
0.0164203289896250
0.0104198455810547
-0.0349320508539677
0.0092637371271849
-0.0731439664959908
-0.0159030370414257
-0.0650670081377029
-0.0687018111348152
-0.0101934652775526
-0.0291464738547802
-0.0485359132289886
-0.0244822259992361
0.0594046413898468
