0.0860773473978043
-0.0172487720847130
-0.0418636277318001
0.0563054718077183
-0.0059251352213323
-0.0247605573385954
-0.0254933629184961
0.0411022715270519
-0.0582793764770031
-0.0335849933326244
-0.0026144247967750
-0.0479382984340191
0.0183559153228998
0.0647262483835220
-0.0059385625645518
0.0659795030951500
-0.0149189941585064
-0.0525789670646191
-0.0194183513522148
-0.0252927690744400
-0.0620353445410728
-0.0279343482106924
-0.0712013021111488
0.0536658875644207
-0.0173550657927990
0.0034844188485295
-0.0264885611832142
0.0004104241961613
-0.0840110406279564
-0.0028670001775026
-0.0009623834630474
-0.0279088746756315
