-0.0073389629833400
-0.0093681011348963
-0.0208555310964584
0.0099039077758789
-0.0293578058481216
0.0037535107694566
-0.0314583070576191
-0.0415637083351612
0.0383871495723724
0.0249328929930925
0.0165011566132307
-0.0359430611133575
-0.0431442111730576
0.0521018281579018
-0.0045410478487611
0.0689995884895325
-0.0343096069991589
0.0292033404111862
-0.0503281801939011
-0.0396561659872532
-0.0381340160965919
0.0022807945497334
-0.0138071039691567
-0.0108557753264904
-0.0189995635300875
-0.0503857843577862
-0.0020677172578871
-0.0022262532729656
-0.0519052706658840
0.0960382893681526
-0.0618141256272793
-0.0223305672407150
