0.0000369037370547
-0.0000459839793621
-0.0000016917183530
0.0007846484659240
0.0003062760806642
-0.0009526985231787
0.0000527582706127
-0.0002461730909999
-0.0010131916496903
0.0001706952753011
-0.0001532177266199
-0.0002559605636634
0.0000127749008243
-0.0000038152211346
0.0592249520123005
0.0516372285783291
-0.0001214972144226
0.0005615593981929
-0.0001598564849701
-0.0001162944827229
-0.0002701230696402
-0.0005708982353099
-0.0002304147346877
-0.0002078402758343
0.0007591219618917
-0.0012719585793093
0.0004732960951515
-0.0001213300565723
0.0532043687999249
0.0011234303237870
0.0002965136663988
0.0002681853948161
0.0000712194669177
0.0000261439763563
-0.0002756006433628
0.0007169924210757
-0.0001000846532406
0.0002446178987157
0.0002931357012130
-0.0000628000343568
0.0001950595760718
-0.0001702493173070
0.0001133941841545
-0.0000666199557600
0.0002832071913872
-0.0004018406616524
-0.0001087849086616
0.0000075087373261
-0.0000596995523665
0.0008909052703530
0.0000366061176464
-0.0000725951904315
-0.0002818133798428
-0.0000834537131595
0.0002028596063610
0.0628145933151245
-0.0000155778543558
-0.0000153490109369
0.0008600257569924
-0.0002585930342320
-0.0004257285327185
0.0001822398917284
0.0000281546235783
-0.0003287877480034
0.0774662941694260
-0.0008218195871450
-0.0000037624777178
-0.0001645595184527
-0.0000237646090682
0.0002701317425817
-0.0000347487875842
0.0020435571204871
-0.0000593141012359
-0.0000248857395491
-0.0001843304489739
0.0001123646798078
0.0000222046000999
0.0000927321234485
-0.0001990509335883
0.0000305878493236
0.0002529518969823
0.0002254695573356
0.0680566132068634
-0.0001714451937005
-0.0002265245566377
-0.0000723279590602
-0.0003590761625674
0.0005662954063155
-0.0001542943209643
-0.0000740224713809
-0.0001740296283970
0.0001357508008368
-0.0000971801055130
-0.0001456153258914
-0.0001330654340563
0.0002696113369893
0.0012287953868508
-0.0002181800227845
0.0000187881396414
-0.0000798664259491
-0.0004600766988005
-0.0000629765418125
-0.0001744457404129
-0.0000880835432326
-0.0000159745668498
-0.0000611549403402
0.0000481463357573
0.0000853387900861
-0.0000047058638302
0.0342106707394123
-0.0007937849150039
0.0007963253883645
-0.0001430456468370
0.0001554600748932
-0.0001533557078801
0.0000380753408535
0.0000713112385711
-0.0001585016289027
-0.0012478246353567
0.0008571090875193
-0.0005047742160968
0.0000405103382946
0.0021823369897902
-0.0026362126227468
-0.0001104848561226
-0.0002874481433537
0.0020026245620102
-0.0000128949232021
0.0013329754583538
0.0006729405140504
-0.0000186072866200
0.0001535488700029
0.0000630567737971
0.0000526197400177
-0.0000129722102429
0.0001379087916575
0.0013092397712171
-0.0002032744378084
-0.0000113919231808
-0.0003553991846275
-0.0001856174640125
0.0000065018193709
0.0000288977880700
-0.0002079431869788
0.0000759347676649
0.0000360545527656
-0.0001059715650626
0.0001625874865567
-0.0005698293680325
0.0000861286098370
0.0001031363499351
0.0000408002306358
0.0002872165059671
0.0001305094920099
-0.0038190577179193
-0.0000313916680170
0.0002474563661963
0.0001408151874784
-0.0003893165267073
-0.0000260081214947
0.0001553129695822
-0.0001049489219440
0.0001297691924265
0.0000793792496552
0.0343467555940151
-0.0007251615752466
-0.0002714475558605
0.0002046172303380
-0.0001948026911123
-0.0007209697505459
0.0000593136282987
-0.0001875564630609
0.0000180443312274
0.0003025297482964
-0.0000701788667357
0.0048012142069638
-0.0000543410715181
0.0538584254682064
-0.0020012322347611
0.0409529134631157
-0.0000747929152567
0.0000068522640504
-0.0001407271629432
0.0000825793249533
-0.0002991090586875
-0.0000183798547368
0.0000932868060772
-0.0001436171150999
0.0000437202470494
-0.0000436987320427
-0.0002792510786094
-0.0008205987396650
-0.0001880253257696
0.0000515802857990
-0.0000524544157088
0.0000150906707859
0.0017321376362815
0.0000483696785523
0.0663490071892738
-0.0008609035285190
-0.0001286352344323
0.0001830365508795
0.0000207309349207
0.0000562877976336
-0.0004054203454871
-0.0005662710173056
-0.0002030376635958
-0.0000339169055223
-0.0000854437384987
0.0001559335214552
-0.0000455492699984
-0.0002173743123421
0.0000755707587814
0.0509228445589542
-0.0001811621623347
-0.0003212658630218
0.0000689835724188
0.0000372550566681
0.0003196508623660
-0.0001096963460441
-0.0000981093253358
0.0001168334347312
0.0042320350185037
-0.0000472858955618
0.0000586484820815
0.0002354464668315
0.0000450843363069
0.0001104688199121
-0.0022321525029838
-0.0001619271206437
0.0000422321318183
0.0003944245981984
-0.0001351305691060
0.0002086293388857
-0.0001913027081173
0.0000034818694985
0.0003122134367004
-0.0005826694541611
-0.0000879359140527
0.0711945891380310
-0.0005267131491564
0.0000156513997354
-0.0002434898487991
-0.0002031519543380
-0.0001007784594549
-0.0003067186044063
-0.0000640747093712
-0.0000083739978436
0.0000928933150135
0.0003051959793083
-0.0002834791666828
0.0579719655215740
0.0051908902823925
-0.0000266751776508
0.0011549512855709
-0.0002523603325244
0.0310300011187792
-0.0001138268416980
0.0034177596680820
0.0000424972240580
0.0007423048955388
0.0000193329760805
0.0000228238222917
-0.0002693203859963
-0.0000890862720553
0.0005616276757792
-0.0002351279545110
-0.0000681394885760
-0.0006193121662363
0.0000747150188545
-0.0000431000116805
0.0011997106485069
-0.0000618450067122
-0.0000954531860771
0.0000915482378332
0.0000742187112337
-0.0002465366269462
0.0000341223276337
0.0011017045471817
-0.0002190330560552
-0.0002053070493275
-0.0001339391601505
0.0014027713332325
-0.0001802768383641
-0.0005342774093151
0.0000026504130801
-0.0000100343895610
0.0003174303565174
0.0002055145596387
-0.0001293858367717
0.0000643299135845
-0.0005005926359445
0.0002653685514815
0.0002600068110041
-0.0000229970028158
0.0000438667921117
0.0001644568983465
-0.0001381579495501
0.0712201520800591
0.0002421438548481
0.0001287565683015
-0.0009302928228863
0.0013490904821083
0.0011873043840751
0.0000899302976904
-0.0002624667831697
-0.0000880839361344
0.0002138148120139
0.0609239302575588
-0.0000129058753373
-0.0001068816418410
-0.0002143002493540
-0.0002976905670948
-0.0001416093145963
0.0002982061996590
-0.0000032268690120
0.0000237726490013
0.0000265295093413
0.0000756478111725
-0.0004877844185103
0.0014096663799137
0.0001884796220111
-0.0001593363704160
0.0001345674390905
-0.0001214403746417
0.0000689011067152
0.0375846847891808
0.0000783487994340
-0.0001802674087230
0.0000174580127350
-0.0000115311122499
0.0000442885720986
-0.0000371128408005
-0.0001713706878945
0.0000997935276246
-0.0000515765132150
-0.0000235754123423
0.0001918141206261
0.0001133295882028
-0.0002318383485544
-0.0006209623534232
-0.0000420007054345
-0.0000797624379629
-0.0001748838985804
-0.0001548353757244
-0.0000162919168361
-0.0001997029030463
-0.0005185471381992
-0.0002955981181003
-0.0005857560900040
-0.0002041903499048
0.0002603019238450
-0.0002086070890073
-0.0002103464939864
-0.0001177702943096
0.0007683062576689
-0.0000979658216238
-0.0001339890295640
0.0639294460415840
0.0430306792259216
0.0000026660909498
-0.0001390171964886
-0.0002974246744998
-0.0002099962875945
0.0007091674488038
-0.0000493459046993
0.0007742370944470
0.0002628898364492
0.0000857450868352
-0.0002318148326594
0.0053803855553269
0.0000808007098385
-0.0007778778672218
-0.0003016980481334
-0.0004347345384303
0.0238553974777460
0.0010371048701927
0.0000386654864997
0.0406406559050083
0.0298593565821648
0.0213986262679100
0.0189793482422829
0.0000490767633892
-0.0013280467828736
-0.0019505331292748
-0.0006651626899838
-0.0002854568301700
-0.0003352894273121
-0.0024375680368394
0.0383090190589428
-0.0008045402937569
0.0005418526707217
-0.0001799135352485
-0.0019586479756981
0.0034997817128897
0.0237321276217699
0.0001627006276976
0.0000582606226089
0.0361097753047943
-0.0001085853291443
0.0018603208009154
-0.0000028650538297
0.0315955244004726
-0.0000752365522203
0.0001262940641027
0.0008907818701118
-0.0000374555820599
-0.0000237304593611
0.0004664197331294
0.0000461861491203
0.0002634166448843
-0.0000994531364995
0.0000891213421710
0.0019508176483214
-0.0000347568056895
-0.0001861738128355
0.0000231729536608
0.0022743633016944
-0.0005550227360800
-0.0002671738038771
0.0001960559893632
-0.0001057625413523
-0.0000595708515903
-0.0000352302595275
-0.0017943696584553
-0.0001973286707653
-0.0003085128555540
0.0000534859864274
0.0002284211077495
0.0005937595851719
0.0001634577638470
-0.0020161324646324
-0.0000598216211074
0.0000294470319204
0.0000828167030704
-0.0000428842686233
0.0000101055884443
-0.0001554687623866
-0.0002058830868918
0.0000781720154919
0.0001598458329681
-0.0000941078324104
-0.0002102983999066
0.0001405225775670
0.0000215302861761
0.0000707579893060
-0.0002690490509849
0.0010733064264059
0.0000461645649921
0.0001270060747629
-0.0000268048097496
-0.0005173006211407
-0.0005840051453561
0.0000392993460991
0.0007694812957197
-0.0006604749942198
-0.0000631576840533
0.0000084062921815
0.0013128789141774
-0.0002495299850125
-0.0001640738337301
-0.0002670708054211
-0.0000673947797623
0.0670748576521873
0.0000212769027712
0.0001757865247782
0.0003241822414566
0.0000929679736146
0.0001092958191293
0.0002266901865369
0.0001064186581061
0.0000188923295354
-0.0001188293390442
-0.0001614081411390
0.0000443879180239
-0.0000317274898407
0.0002687221276574
-0.0002385825355304
0.0003690639568958
0.0001007590617519
-0.0000756282242946
0.0000252539975918
0.0000649722933304
0.0537322275340557
0.0001199911930598
0.0000726783473510
-0.0019260547123849
-0.0000690372980898
0.0000169163613464
0.0627174228429794
0.0000612505245954
0.0002457697119098
0.0010558455251157
-0.0001791940594558
-0.0001953366736416
0.0005747044924647
-0.0000869582436280
0.0005926931044087
-0.0000938039884204
-0.0001514528703410
0.0000363152576028
-0.0001715175603749
-0.0003407838230487
-0.0000722381664673
-0.0002666539512575
0.0001201907871291
-0.0000181479827006
-0.0000554781945539
-0.0003904676705133
0.0000580700434512
0.0000854633617564
-0.0000205352407647
-0.0004823287017643
-0.0001249993656529
-0.0000643076637061
0.0000364171646652
0.0001299946452491
-0.0000159402570716
0.0001101244924939
-0.0000349227702827
-0.0002093949005939
0.0000027771166060
0.0007280022255145
-0.0002754346351139
0.0000290259777103
0.0000402524892706
-0.0001279734715354
0.0002422105171718
-0.0001054921813193
-0.0000100552424556
0.0000054326446843
-0.0000479593290947
-0.0001062027295120
0.0000101640616776
0.0002743054064922
0.0001898903865367
0.0001758883590810
0.0000881794985617
0.0778208896517754
-0.0001692000660114
0.0003953192790505
0.0000761374831200
0.0000713248955435
0.0002639373124111
0.0001636116066948
0.0000139085459523
0.0002260362089146
-0.0001948878925759
0.0000795880259830
0.0002288313698955
-0.0000345203879988
0.0000878739592736
0.0003420820576139
-0.0000250795219472
-0.0002975453389809
0.0000561870037927
-0.0001217596291099
-0.0000676134950481
0.0000982650672086
-0.0001608499005670
-0.0001905097306008
0.0001288738712901
0.0000197471163119
0.0000160367198987
0.0001222985447384
-0.0001121287932619
0.0000454380533483
0.0001034299566527
-0.0002972348011099
0.0694318115711212
0.0003443831810728
-0.0000060295133153
-0.0001112238824135
0.0000879702638485
-0.0000188241974683
0.0002282851201016
0.0006907170754857
0.0001706624170765
0.0001771946263034
0.0000014155302779
0.0002471815678291
0.0003363121650182
0.0000156788009917
-0.0001616111985641
-0.0002227760705864
0.0000159616392921
0.0002037676895270
0.0002357543271501
0.0000486107201141
0.0547846257686615
0.0602367520332336
0.0004023788205814
-0.0003392892540433
-0.0003018325078301
0.0003391613718122
0.0003810140187852
-0.0005016577197239
0.0000633154340903
0.0001313183456659
-0.0001326997880824
0.0002221854228992
0.0003180263447575
0.0001452619180782
0.0000967926171143
-0.0009489430813119
0.0002597196435090
-0.0000278203806374
0.0003279620141257
-0.0000064570631366
0.0002614150871523
-0.0002398699580226
-0.0010910980636254
-0.0001884639495984
-0.0001411247940268
-0.0003786019515246
-0.0000824453309178
-0.0000226823467528
0.0001934128522407
-0.0007709260680713
-0.0000044598273234
0.0000315928409691
0.0002604758483358
0.0000039539418140
-0.0001088055432774
-0.0002991839428432
0.0008301663910970
-0.0006069061928429
0.0001419899199391
0.0036136992275715
0.0000156973110279
0.0000567094393773
-0.0000868620481924
-0.0001020891504595
-0.0001337804715149
0.0001423172361683
0.0001642320421524
-0.0031700353138149
0.0000715862406651
-0.0008605305338278
-0.0000567773240618
-0.0000614336022409
-0.0001920793001773
0.0001580113312230
0.0000956844378379
0.0001583163684700
0.0000172135987668
-0.0001505279797129
-0.0000752032938180
0.0001360215683235
0.0000546661976841
-0.0000055913405959
-0.0000777646346251
0.0000159401170094
-0.0000880076040630
-0.0001664789742790
-0.0000865674228407
-0.0005824486725032
0.0000701222816133
-0.0005253650597297
-0.0004645134904422
0.0088468836620450
0.0366133227944374
0.0000164724187925
-0.0011396789923310
-0.0045211981050670
0.0417416729032993
-0.0009496096172370
0.0002949351037387
0.0025468044914305
-0.0002753660955932
0.0419407449662685
0.0332206264138222
-0.0011532267089933
-0.0006559969042428
-0.0001250002824236
0.0006307306466624
-0.0003846938780043
-0.0005457823281176
-0.0000389992783312
0.0361172296106815
0.0449167117476463
0.0000322079358739
0.0023122443817556
0.0000032312236726
0.0017139430856332
0.0001142760957009
-0.0000192377046915
-0.0000387821783079
-0.0001348407386104
-0.0003276790666860
0.0000872685341164
-0.0000290600000881
-0.0006703263497911
-0.0002121116704075
-0.0007482909131795
0.0000880325387698
-0.0000612997682765
0.0369520261883736
-0.0014073804486543
0.0004046321846545
0.0576571337878704
0.0008396754856221
-0.0014326847158372
-0.0016024959040806
0.0015236351173371
-0.0002510222839192
-0.0017338260076940
0.0001862990320660
0.0554852634668350
-0.0003164493828081
0.0564516596496105
0.0000944389248616
-0.0001006375241559
-0.0005753032164648
0.0000407385814469
0.0001351351238554
-0.0007902187062427
-0.0002411352907075
0.0002913330099545
0.0014347883407027
-0.0002158901770599
-0.0001224527659360
0.0022533633746207
-0.0000170232597156
-0.0000310848190566
0.0000352607021341
0.0002012130280491
-0.0002890058385674
-0.0001497975608800
-0.0000998489776975
-0.0003571865672711
0.0008668932132423
0.0506716892123222
-0.0001461342180846
0.0393979474902153
0.0000233964965446
-0.0000171001374838
-0.0002817306958605
-0.0002291805867571
0.0026461675297469
-0.0007300265715457
0.0000222431408474
-0.0000015441073629
-0.0003685924748424
-0.0000565325899515
0.0002982359728776
-0.0000573035285925
-0.0005390856531449
-0.0007880178745836
-0.0003436220576987
0.0000196068067453
0.0000490192833240
0.0015464323805645
-0.0000316386758641
0.0004924588138238
-0.0029112081974745
-0.0000842638182803
0.0000241702146013
-0.0000040608501877
0.0000485986674903
0.0000522549598827
-0.0000979346223176
-0.0001224028819706
0.0000616371107753
0.0000379893281206
-0.0000943390841712
0.0000282638247882
0.0002926204178948
0.0021130673121661
-0.0002700701006688
0.0001880479103420
0.0016361331799999
0.0000609285634710
-0.0009482475579716
0.0001215992087964
-0.0000178965929081
-0.0001710982178338
-0.0000225347321248
-0.0003445367037784
0.0014056195504963
0.0001539358781883
0.0715495795011520
-0.0001111908859457
0.0660006478428841
-0.0004379012680147
0.0001532720198156
-0.0000783793730079
0.0455400533974171
-0.0008600226137787
0.0000632067967672
0.0000628632042208
-0.0003629007260315
-0.0002412819594610
-0.0000399308773922
-0.0002156518457923
0.0000039906590246
-0.0001597239461262
0.0002444612327963
-0.0001468073314754
0.0001044762320817
0.0001259787968593
-0.0002161216107197
-0.0013895493466407
0.0563201047480106
0.0000624283566140
-0.0005837082280777
-0.0001150435782620
0.0042379843071103
0.0671329796314240
0.0576388686895370
0.0004282226727810
-0.0002654191630427
-0.0000027304722607
0.0002435124188196
-0.0000298271697829
-0.0000800949565019
0.0000511490943609
0.0000103194724943
-0.0001525728439447
-0.0001580265961820
-0.0000716675785952
0.0000777283639763
-0.0001108554279199
0.0004438541363925
0.0000807983888080
-0.0001653430081205
0.0001622967829462
-0.0004865649389103
-0.0003768346505240
0.0002818417269737
-0.0002243806666229
-0.0002032027114183
-0.0000620147038717
-0.0001766503846738
0.0000206202676054
-0.0002558720880188
0.0543358996510506
-0.0000812978105387
-0.0000461145536974
0.0560510419309139
-0.0000447845886811
0.0400232970714569
-0.0005016379291192
-0.0005800246726722
0.0014527909224853
-0.0001711831282591
-0.0001336803397862
0.0003102853370365
0.0013077815528959
0.0000797465836513
0.0011083136778325
0.0002005559072131
0.0000104450045910
-0.0034782779403031
0.0427847765386105
0.0342715196311474
0.0000586117494095
0.0003401008143555
0.0003432452504057
-0.0013498764019459
-0.0006296838982962
-0.0000952511327341
-0.0000339504877047
0.0002481703995727
0.0285522099584341
0.0072158034890890
0.0273850131779909
0.0345364287495613
0.0012454092502594
0.0374488718807697
-0.0000059879530454
0.0377450771629810
0.0275187324732542
-0.0000718297233107
-0.0006119628087617
-0.0014503586571664
-0.0024766186252236
-0.0011141683207825
-0.0008074275683612
0.0015215210150927
-0.0000386027968489
-0.0002947081229649
-0.0010601991089061
0.0201053209602833
-0.0006400226848200
0.0029636886902153
-0.0023895010817796
-0.0001660506095504
-0.0029000036884099
0.0286141019314528
0.0013084543170407
-0.0106052663177252
-0.0047099636867642
0.0003995852021035
-0.0015137601876631
-0.0001463989465265
0.0001020946219796
0.0017746398225427
-0.0007357728318311
0.0002725439844653
-0.0001416421728209
0.0000880528968992
0.0000701420794940
-0.0001279422140215
0.0567353293299675
-0.0003078352892771
0.0009890396613628
0.0001886902900878
0.0001398795720888
0.0001905569661176
-0.0001775890850695
-0.0001674626109889
0.0613921359181404
-0.0003690491430461
-0.0004304606118239
-0.0001861261262093
-0.0001757616555551
-0.0000688408981659
0.0001147230505012
0.0017370609566569
-0.0014268495142460
-0.0000753033673391
0.0000881938613020
-0.0000854819663800
-0.0000170324565261
0.0001413176796632
0.0000091569536380
-0.0001421990164090
-0.0003624519740697
-0.0000168706828845
0.0000824374365038
0.0002212305407738
0.0001775965793058
-0.0000891149247764
0.0021000816486776
-0.0000776746383053
0.0001143512999988
-0.0000768544559833
-0.0003597503819037
0.0001817757729441
0.0000554882790311
0.0000687973952154
0.0509152337908745
-0.0002102314028889
-0.0001560200616950
-0.0002445053542033
-0.0001345790078631
0.0001126917923102
0.0517100580036640
-0.0007561709498987
0.0024485618341714
0.0011755668092519
0.0001454934972571
-0.0001063128584065
0.0008162512676790
-0.0002969625056721
0.0644373372197151
-0.0029711294919252
0.0019303646404296
0.0000394911476178
0.0012105759233236
-0.0005938122048974
-0.0000931187969400
0.0018769192975014
0.0003235078766011
-0.0001521511003375
0.0001700039138086
-0.0004769634106196
0.0001664228329901
-0.0006896048435010
-0.0000747387093725
-0.0011394829489291
0.0002657916338649
-0.0000251246674452
0.0002868339070119
0.0000930280584726
-0.0000348616522388
-0.0001702714653220
-0.0003445549227763
0.0002860684762709
-0.0002281679917360
-0.0003172330325469
-0.0000160769777722
-0.0001447633403586
0.0001165955036413
-0.0000432549568359
-0.0001156243233709
0.0001849836844485
-0.0003466036287136
-0.0000186479883268
0.0000978099706117
0.0003744215064216
0.0001274350506719
-0.0000066570719355
0.0648838132619858
-0.0002785248798318
-0.0000845498143462
0.0009044855250977
-0.0000173342923517
0.0000387305772165
0.0003999710606877
0.0003075190761592
-0.0001180875115097
0.0003906042838935
-0.0001912700245157
-0.0003722318797372
-0.0000371565329260
-0.0000356663222192
0.0001722532178974
0.0000582832435612
0.0002021652180701
0.0002471463521942
0.0000938254015637
-0.0000295601930702
0.0000129787513288
0.0001055665343301
-0.0001318710565101
0.0000102731501102
-0.0000080646859715
0.0000110650107672
-0.0001004208606901
0.0002789945865516
0.0000876990961842
0.0000974741778919
-0.0000835695464048
-0.0002295679878443
0.0001268558262382
0.0000443373719463
0.0000109673346742
0.0000695357812219
-0.0000401294964831
-0.0002225359057775
0.0515603870153427
-0.0001485745888203
0.0001096372652682
-0.0001075306936400
-0.0000451251689810
-0.0006880038999952
-0.0002308423572686
0.0001137305443990
0.0000063407178459
-0.0002909747126978
-0.0001591957407072
0.0000858579369378
-0.0000020391744329
-0.0000278933293885
-0.0001372761034872
0.0000577477985644
-0.0000095690338640
0.0001214822841575
0.0001302494783886
-0.0000086896543507
-0.0000515012507094
-0.0001480890496168
-0.0003325055004098
-0.0000161660573212
0.0000492749059049
0.0001353486877633
0.0001282509765588
0.0530149824917316
0.0003341430565342
-0.0004719030694105
0.0000092959962785
0.0001322641619481
-0.0000797591783339
0.0000045750057325
0.0001348946098005
-0.0001950694277184
0.0000138956238516
0.0001676116517046
-0.0002058405079879
0.0001951719750650
0.0003758767852560
0.0000497122491652
0.0001102932001231
0.0029349017422646
0.0642381310462952
-0.0000053341573221
0.0000015622099454
0.0002317822945770
-0.0001555969793117
0.0001979060180020
0.0449432581663132
0.0000310506729875
-0.0000694328191457
-0.0001127072318923
0.0002040103718173
-0.0002542962902226
-0.0003174783196300
0.0001785072527127
-0.0001022525830194
-0.0001266447361559
-0.0004266254254617
0.0001117651117966
0.0000395894312533
0.0000530310062459
-0.0001036948742694
-0.0000922749677557
0.0001476307515986
0.0005195116973482
-0.0001788279914763
-0.0003339964023326
0.0002800051879603
0.0001326129859081
0.0000128060855786
-0.0005054532084614
0.0000416048314946
0.0002417829091428
0.0000435380861745
0.0000776255910750
-0.0000338317586284
0.0002169434155803
-0.0001094323015423
0.0000355126139766
-0.0002996071998496
0.0531820431351662
-0.0000578800681978
-0.0000515463325428
0.0000008062006600
-0.0000855929247336
-0.0000958745658863
-0.0000880745938048
0.0000933375777095
-0.0000300582760246
-0.0002588001661934
-0.0003636057372205
0.0398875251412392
0.0000594377925154
-0.0004255499807186
-0.0001327003265033
0.0001464231172577
-0.0002271314733662
0.0032381762284786
-0.0008656712016091
0.0000891215313459
0.0506803989410400
0.0001458154438296
0.0000281300744973
-0.0003629634447861
0.0000442509772256
-0.0015460907015949
-0.0005629157531075
0.0002126573963324
0.0005357509944588
-0.0004699297132902
0.0009085359051824
0.0570978820323944
0.0000293744233204
0.0000131944325403
0.0000710105668986
0.0010342542082071
-0.0003035978297703
