-0.0000294144629152
0.0000761645715102
0.0005624148179777
0.0007174571510404
-0.0001668959739618
0.0000383515507565
-0.0001342931209365
0.0000895517005119
0.0000608936643403
0.0432811379432678
-0.0000433514032920
-0.0005656877765432
-0.0014093253994361
0.0002282136556460
-0.0006104269414209
-0.0019066415261477
0.0002961881109513
-0.0000639741192572
-0.0002502595889382
0.0026910779997706
-0.0001232966169482
-0.0001969433506019
-0.0003186589165125
0.0000986088634818
0.0002480465336703
-0.0000007016060408
0.0002099437260767
0.0029701406601816
-0.0005924205761403
-0.0005046238657087
0.0011602381709963
0.0486961081624031
-0.0011749602854252
0.0016841358738020
-0.0000717433722457
-0.0004339712031651
0.0000652023736620
0.0001653594517848
-0.0005820906371810
0.0000147439968714
0.0455996617674828
-0.0000847307674121
-0.0001900477218442
0.0002861305838451
-0.0002029809402302
0.0017377827316523
-0.0000325745568261
0.0000437620692537
0.0002965359599330
0.0001504810352344
-0.0000814391896711
-0.0005043969722465
0.0001912133157020
0.0016015140572563
0.0000908559522941
-0.0009085870115086
0.0013642631238326
-0.0001246993924724
0.0003121084300801
0.0000556338200113
-0.0002181627205573
-0.0003860010474455
-0.0001289676438319
-0.0003850466746371
0.0002517883840483
0.0013608684530482
-0.0001496008626418
0.0000501357972098
0.0006401144200936
0.0002097556862282
-0.0000246587660513
-0.0000908818619791
0.0001217872486450
0.0001992249162868
-0.0002325612585992
-0.0000819768247311
-0.0000170239582076
-0.0001220884441864
-0.0001072093800758
-0.0006124838255346
0.0012036469997838
0.0001708141062409
0.0000379975681426
0.0009234771132469
-0.0012378222309053
-0.0012606377713382
-0.0000176955581992
-0.0008657056023367
0.0000035806442611
0.0273005180060863
-0.0001437000755686
-0.0000291958785965
-0.0000503144547110
0.0000888611975824
0.0431695803999901
0.0504869483411312
-0.0001340116141364
0.0015347015578300
-0.0000214674328163
0.0343986824154854
0.0002250775869470
-0.0001683219452389
-0.0001058645211742
0.0276693943887949
0.0286136064678431
0.0010524576064199
0.0013066817773506
-0.0002182890166296
0.0000010631920304
-0.0004373576375656
0.0004242536670063
0.0002102272119373
-0.0001603853015695
-0.0002884393616114
-0.0000650853835396
-0.0004495212633628
0.0002685982035473
0.0000536968436791
-0.0000911327078938
-0.0000460457595182
0.0002909617032856
0.0001946504635271
-0.0001171139010694
-0.0000896532073966
-0.0001529876317363
0.0645636171102524
0.0001489432324888
-0.0004902094369754
-0.0001039028502419
0.0010792827233672
0.0000624883832643
-0.0000394843082177
0.0000504575400555
0.0000121728808153
0.0001726890186546
0.0000951069378061
-0.0000716228169040
-0.0000920509701245
0.0003946575743612
-0.0003636942419689
0.0000850950309541
-0.0006709821755067
0.0000748562015360
0.0000420076685259
0.0000836778926896
0.0004753358080052
0.0009811434429139
0.0000487590732519
0.0008091881172732
0.0000250882221735
-0.0001139529849752
-0.0001436901511624
0.0000079179699242
0.0000169999802893
0.0004098147328477
0.0000636025652057
0.0015528314979747
0.0021655710879713
-0.0001406342489645
-0.0003262061218265
0.0461582876741886
0.0002830075391103
0.0000396122413804
-0.0001591203035787
-0.0000634111638647
0.0000216578482650
0.0001719368738122
-0.0007951676379889
0.0003776555240620
0.0000454602268292
0.0002229646197520
0.0446135066449642
-0.0002567125775386
0.0004843097995035
0.0651890262961388
0.0003998732718173
-0.0005012937472202
0.0002843609545380
0.0001211643539136
0.0000857883860590
0.0000568168325117
0.0001603194687050
0.0000898180733202
0.0000441979354946
0.0001084072719095
-0.0002619552251417
-0.0001207673922181
0.0000039342849050
-0.0002697484160308
-0.0001759956794558
0.0000540286127944
-0.0003075392160099
0.0001050243154168
-0.0003012606757693
0.0002390469599050
-0.0004683240258601
-0.0000250393713941
-0.0002243071066914
0.0002865098649636
0.0001317269052379
-0.0000547636955162
0.0000823617374408
0.0656916275620461
0.0000230348232435
0.0000016160774976
-0.0002092831709888
0.0000980090553639
-0.0000400802091463
-0.0001516667980468
-0.0000076895375969
-0.0000163105796673
-0.0001207543027704
0.0000727829756215
0.0002124521997757
0.0006716522620991
0.0000893231772352
-0.0001913717132993
0.0000537528321729
-0.0007816110155545
0.0000602899744990
-0.0000564137808396
-0.0001610969338799
-0.0000122927885968
-0.0002940307604149
0.0000817986438051
0.0007773913675919
-0.0004190698673483
-0.0001724815519992
0.0001204576547025
0.0001330411032541
0.0502381846308708
-0.0004944045213051
-0.0002034338249359
0.0023945793509483
-0.0000481263050460
-0.0002697232703213
-0.0002302623470314
-0.0000999306939775
-0.0007971321465448
-0.0002419484080747
-0.0001511375303380
-0.0003536826116033
0.0000894262338988
-0.0005467201699503
-0.0002131814107997
-0.0005019156960770
-0.0000703955811332
0.0016065916279331
0.0000956257790676
-0.0004388456000015
0.0626069381833076
-0.0001774591946742
0.0000041347084334
0.0002281648630742
-0.0002053903881460
-0.0001425861555617
-0.0000455869667348
-0.0000720617026673
-0.0000399650998588
-0.0000987008388620
0.0000893982942216
-0.0002211046376033
0.0003622171352617
-0.0004121899255551
0.0000363485742128
-0.0002718203468248
-0.0001318625145359
-0.0001361035974696
-0.0000586627429584
0.0508970953524113
-0.0004401946498547
0.0000011610100046
-0.0002249270037282
0.0000074270647019
-0.0001862415811047
0.0004169566382188
-0.0000090650792117
-0.0003034775145352
0.0003088634985033
-0.0002861933317035
0.0004695344832726
0.0000562872519367
-0.0000502987822983
0.0061538303270936
-0.0000366510066669
-0.0002669522364158
-0.0000234327744693
-0.0000289970193990
-0.0001616239896975
0.0007411128026433
0.0000691016393830
-0.0001047190307872
-0.0000132622299134
0.0000409281165048
-0.0000290432144538
-0.0002548316842876
0.0001010893247440
-0.0001155273494078
0.0000996494854917
0.0004489078128245
-0.0022819337900728
-0.0003864495083690
-0.0000856805345393
0.0001721214794088
-0.0001309739018325
0.0003669251163956
0.0000680228331476
0.0598998107016087
0.0005608329665847
0.0596601031720638
-0.0001454005687265
0.0002192723477492
-0.0001345497876173
-0.0001982926914934
-0.0000028328795452
0.0000022301828722
-0.0005087886238471
0.0566892921924591
-0.0000516288055223
0.0000131568158395
0.0000733107081032
0.0019607488065958
0.0001249393098988
0.0001575530914124
-0.0001289141655434
-0.0003271905006841
-0.0000997741663014
-0.0003298568190075
-0.0002499711117707
0.0000429416177212
0.0000581308195251
0.0000177584297489
0.0000570875708945
-0.0000208007877518
0.0556170642375946
0.0001783467014320
0.0000601843858021
-0.0007051154971123
-0.0000099194730865
-0.0000474299122288
-0.0004136786737945
0.0000888572394615
-0.0003887035709340
-0.0009381027193740
-0.0000312960401061
0.0009622012730688
-0.0002689630491659
-0.0000215398831642
-0.0005026130238548
0.0526569075882435
0.0000103525671875
-0.0000668618886266
-0.0030769433360547
0.0045492504723370
0.0001942553353729
0.0027425631415099
0.0003543206839822
-0.0002943473518826
0.0593880005180836
0.0001879052288132
0.0001615948422113
0.0002708279353101
-0.0002455916837789
-0.0002106110332534
0.0000654620380374
-0.0000330930452037
-0.0001208721441799
0.0000602276668360
0.0000575608319195
0.0000417983210355
0.0558856427669525
-0.0002610814408399
0.0006112810224295
0.0004813235136680
0.0003267998690717
-0.0000784310541349
-0.0003304154961370
0.0003797019307967
-0.0003956808650400
-0.0000854160316521
0.0002002237306442
-0.0001608618185855
0.0628001689910889
-0.0002424859412713
0.0000156947498908
-0.0000984952930594
0.0002002629626077
-0.0001460438943468
0.0001215159281855
0.0001424382498953
-0.0004487561236601
-0.0002566873154137
-0.0000103244747152
-0.0001899193739519
0.0005479650571942
0.0001410386757925
-0.0003569683467504
0.0000437981288997
-0.0003296150825918
0.0001701789733488
-0.0000400579592679
-0.0000465130215161
-0.0002500695700292
0.0000391748762922
-0.0002102475846186
0.0400933772325516
0.0019854751881212
0.0002278724277858
0.0003342883137520
0.0002308764378540
-0.0001324519835180
0.0002568970085122
0.0004340343584772
-0.0000102259618870
-0.0002320697676623
-0.0001096942942240
0.0006607611430809
0.0002487028832547
0.0001530375884613
0.0002591125667095
0.0001547815627418
-0.0009125575888902
0.0000363712897524
0.0001256810210180
0.0681589692831039
0.0532717593014240
-0.0002814304607455
0.0000081424077507
-0.0000666024643579
0.0001219822152052
-0.0003191305440851
-0.0001421937777195
-0.0003660267684609
-0.0002935083175544
-0.0000863113964442
-0.0001135041457019
-0.0000061014652601
0.0001982871617656
-0.0001169660536107
-0.0001907603582367
0.0001122075336752
0.0000521341135027
0.0007719239220023
-0.0005139065324329
0.0001334054250037
-0.0010053577134386
0.0316257961094379
0.0239430144429207
-0.0006213272572495
0.0004382548213471
-0.0003809192567132
0.0000250707817031
0.0502510406076908
0.0049314140342176
-0.0000729163875803
-0.0002787502016872
0.0001878022303572
-0.0020382492803037
0.0001241368008777
-0.0017404915997759
0.0023036412894726
0.0238430015742779
0.0004326067573857
0.0001922713418026
0.0003147699462716
0.0415930226445198
0.0266148857772350
0.0010473256697878
0.0002049140166491
0.0000612616713624
-0.0000613153824816
0.0002279868203914
0.0000618056728854
-0.0001493574091000
-0.0000502326147398
0.0000141906784847
-0.0004796380526386
0.0000655981566524
0.0001048648628057
0.0000278495863313
0.0000355388292519
0.0000910494127311
-0.0002508191391826
-0.0002363726671319
0.0031922864727676
0.0000010191979527
-0.0003194227465428
-0.0000744731441955
0.0009899735450745
-0.0002575714897830
-0.0001285992329940
0.0000530650722794
-0.0001701387664070
0.0003170768904965
0.0001110619050451
0.0004177920054644
-0.0003884442267008
-0.0002354642492719
0.0003455130499788
-0.0000537762389285
0.0000526543881278
0.0002325686509721
0.0002529054472689
0.0632156878709793
0.0000430443906225
0.0000126621398522
-0.0001577166112838
0.0018418476684019
0.0004783875192516
-0.0001749030343490
-0.0002322392392671
-0.0002115849783877
-0.0000991081906250
0.0000968115055002
0.0168701838701963
-0.0004544883558992
0.0006229093996808
0.0474565625190735
0.0004758768482134
-0.0003444766334724
0.0588092319667339
-0.0002962271973956
0.0000882031890796
0.0528086461126804
-0.0001075085456250
-0.0003262806858402
-0.0000352816423401
-0.0010373675031587
0.0000105379294837
-0.0000059817321016
0.0001070618600352
-0.0003451554803178
0.0537017509341240
-0.0003380901762284
-0.0015055948169902
0.0000790133854025
-0.0022650423925370
-0.0000808233744465
-0.0005456155049615
0.0001250597997569
-0.0000938051380217
0.0001720504224068
-0.0001235355739482
-0.0000570420306758
-0.0000163683653227
-0.0002116325340467
-0.0000140157353599
0.0003763830754906
0.0000628909547231
-0.0000287285765808
-0.0001123253750848
-0.0000614128803136
0.0729290097951889
0.0001830990950111
0.0000491527389386
0.0002660680329427
0.0022602046374232
-0.0000385150415241
-0.0000196247274289
-0.0001798505836632
0.0004101252416149
-0.0006259750807658
0.0000303313499899
0.0000384572995245
0.0001280072319787
-0.0000414194219047
0.0000714162742952
-0.0000144703517435
-0.0002867014845833
-0.0000320459366776
0.0001922499213833
0.0001454964803997
0.0001719504653011
0.0600032545626163
-0.0001540027296869
-0.0001355750282528
-0.0000822150468593
0.0000615112512605
0.0001831321715144
0.0001738516584737
-0.0005470737814903
0.0002596301201265
0.0000267789873760
-0.0000466896453872
-0.0003344004508108
0.0012744180858135
-0.0003207846020814
-0.0005182246677577
0.0001064791867975
-0.0001076841726899
-0.0002745586680248
-0.0006748096784577
-0.0003024822799489
-0.0005054044304416
-0.0000214948267967
0.0006373601499945
0.0009700433001854
0.0004838782770094
0.0001918848138303
-0.0009355552610941
0.0001102399764932
0.0000511942052981
0.0001637473178562
-0.0003824211016763
0.0000321258012264
-0.0017909109592438
-0.0008006498683244
0.0476373247802258
-0.0002998199779540
0.0408478751778603
0.0498110316693783
0.0412637889385223
-0.0002078933757730
0.0002648881054483
-0.0004359867307357
-0.0000618682388449
0.0368111357092857
-0.0002005901624216
-0.0001087154523702
0.0001128454314312
-0.0000010522999219
-0.0001866546372185
0.0002812626771629
-0.0001469266717322
0.0000035991542973
0.0003531980037224
-0.0002593464450911
-0.0002051773626590
0.0012967095244676
0.0000135284644784
0.0000086817453848
0.0001263615122298
0.0008457087096758
-0.0001287672348553
0.0001949792494997
-0.0000919031226658
0.0000293806660920
0.0002159186115023
-0.0001351425016765
0.0000218690802285
0.0000484606098325
0.0002632696414366
-0.0000184047785297
-0.0000909746086108
0.0006096610450186
0.0030503862071782
-0.0001286669285037
-0.0001728495262796
-0.0000078163575381
-0.0005650243256241
0.0002606000052765
0.0002177286514780
-0.0000698958974681
0.0000759757240303
0.0001643363502808
-0.0001500748039689
-0.0000575600643060
0.0001854134316090
-0.0000464600234409
0.0001363920746371
-0.0000150057840074
-0.0001780096063158
0.0000723403209122
0.0000478653964819
-0.0000314373355650
0.0000596256213612
-0.0002337008045288
0.0001732800592436
0.0000058551086113
0.0008655881974846
-0.0001182837950182
0.0001519479701528
0.0000400560311391
0.0005028038285673
0.0002747049438767
0.0001381107140332
0.0000018789105525
0.0716602802276611
-0.0002024597633863
0.0000096221774584
-0.0000734143686714
0.0000254215628956
0.0001222006103490
0.0000222875642066
-0.0002688182285056
-0.0000047160137910
0.0000400489079766
0.0002692140697036
0.0004025864473078
-0.0000314659628202
-0.0000091570545919
-0.0001387749362038
-0.0000133025459945
-0.0000459738221252
0.0694530904293060
0.0001719742285786
-0.0001606084988452
-0.0001439787738491
-0.0000948691449594
-0.0003388701297808
0.0008939041290432
-0.0005994360544719
-0.0001546411367599
0.0002478017122485
0.0001047425321303
0.0002930616610684
0.0001072513477993
0.0000100114539237
-0.0000198166217160
-0.0000249481963692
0.0000682785685058
-0.0008633663528599
-0.0000416722177761
-0.0002662119222805
-0.0001495158503531
0.0000372782742488
0.0001023597942549
-0.0002013032062678
0.0009417118271813
0.0000253161415458
0.0000947300795815
-0.0000006299524102
0.0000538184576726
0.0000791813436081
-0.0001852353161667
0.0000220004731091
-0.0001081241935026
0.0003191861032974
-0.0003388945187908
-0.0000468117432320
-0.0006239576032385
0.0001423729991075
0.0561949796974659
0.0000839784115669
-0.0002024955902016
-0.0005856948555447
0.0034812507219613
0.0000119761962196
0.0002261288027512
0.0002366743428865
0.0001254440576304
0.0002396889758529
0.0001117280480685
-0.0001810954709072
0.0001701641012914
0.0000527106240042
0.0003737765364349
0.0003790795744862
-0.0002544385788497
0.0023342014756054
-0.0002835504128598
-0.0002001026296057
0.0600295551121235
-0.0003470650408417
0.0008518645772710
0.0000352321621904
0.0000586101814406
-0.0002575709950179
-0.0000426855840487
0.0000624387903372
0.0000722404802218
-0.0014618885470554
-0.0001695220562397
0.0000971014305833
-0.0003957170119975
-0.0048699807375669
-0.0006520618335344
0.0349837169051170
-0.0002094243536703
0.0151472240686417
0.0332565493881702
0.0297891348600388
-0.0011913846246898
-0.0002692859270610
0.0000192580009752
-0.0098942918702960
0.0126058636233211
0.0284004192799330
-0.0002253530401504
0.0006766958395019
0.0002726779785007
0.0010137478820980
-0.0001693601952866
-0.0000033244614315
0.0244272332638502
-0.0006913741235621
0.0012179046170786
0.0041547170840204
-0.0002515804080758
-0.0001069772770279
-0.0071936682797968
-0.0001439306943212
-0.0004138103977311
0.0012409730115905
-0.0000114105932880
0.0002545996103436
0.0000554332364118
0.0000063970801421
0.0001247900218004
-0.0001198961399496
0.0000927670043893
0.0002659852616489
-0.0003645748947747
-0.0008985115564428
0.0000271505341516
0.0000826976465760
0.0006129342946224
-0.0009288567816839
-0.0003301383112557
-0.0000056327262428
0.0001671728095971
0.0007462205248885
0.0001350454840576
-0.0000468366561108
-0.0001274757087231
0.0004658625693992
0.0002923185238615
0.0730643868446350
0.0000814996310510
-0.0000496327847941
0.0000337142118951
-0.0001751933741616
0.0000301267300529
0.0003010914078914
-0.0015948683721945
0.0685774758458138
0.0000560836051591
0.0017946935258806
0.0000253507460002
0.0008843955583870
0.0434469617903233
0.0016717649996281
0.0023300277534872
-0.0004065076936968
0.0001092871680157
0.0334375277161598
-0.0000203865311050
0.0349797867238522
-0.0001516224874649
0.0001561553508509
-0.0005838008946739
0.0001627396268304
0.0001223427389050
-0.0020487499423325
0.0000944735947996
-0.0002727937535383
-0.0002360677608522
-0.0003009617503267
-0.0001104716575355
0.0089468909427524
-0.0006151734269224
-0.0009235172183253
-0.0002261313202325
-0.0001420741755283
0.0002034437784459
0.0016939651686698
0.0004386908840388
-0.0007206235895865
-0.0005540180136450
-0.0001397252490278
0.0009378554532304
0.0011256660800427
-0.0015731171006337
0.0338213331997395
0.0000206420590985
0.0001493061572546
0.0001001208729576
0.0002829098375514
-0.0000665740371915
-0.0002746298559941
-0.0002701169869397
0.0001449802948628
-0.0000386351457564
-0.0000388128537452
-0.0003253703471273
0.0001488761627115
0.0503948181867599
0.0002610917726997
0.0003637863264885
-0.0005449723103084
-0.0001575613569003
-0.0000745791476220
0.0002365651307628
0.0002952747745439
0.0694555640220642
-0.0001634245272726
0.0003545929503161
0.0000098551154224
-0.0001301049778704
0.0002767445694190
0.0002412280591670
-0.0003037276328541
-0.0003707855939865
-0.0000471190141980
0.0002057353704004
-0.0000690134329489
0.0000681966266711
-0.0005070703919046
0.0003326187725179
-0.0000875911064213
0.0001866795937531
-0.0000645587497274
0.0003770554321818
-0.0003060360031668
-0.0000245884584729
0.0002734344452620
0.0002269972028444
-0.0001511987356935
0.0001576826907694
-0.0000334947035299
-0.0001267552725039
-0.0001452299184166
0.0001043025622494
0.0002374998148298
-0.0001604806166142
-0.0007246080785990
0.0013580085942522
0.0003786595771089
0.0000756066147005
-0.0000974567228695
-0.0001663189468672
0.0000368682958651
0.0001684545713942
-0.0002080613339785
-0.0000741253461456
0.0010401841718704
-0.0000397880430683
0.0002379779034527
-0.0005392400198616
-0.0010771465022117
0.0001175594297820
-0.0000602401341894
0.0001052640873240
-0.0013902201317251
0.0001198242898681
0.0661930292844772
0.0000898979924386
0.0004327577480581
-0.0006223045056686
-0.0001272494992008
0.0000680722296238
0.0000390074346797
0.0000475121196359
-0.0000364763327525
0.0019484661752358
-0.0000246735362452
0.0000566314338357
-0.0013379477895796
-0.0000272333491012
-0.0011592166265473
0.0386495403945446
0.0486058816313744
0.0432011224329472
-0.0003149798722006
-0.0001477649202570
-0.0000215620675590
-0.0002710470871534
0.0415522232651711
-0.0002480223483872
-0.0001106243726099
0.0000085625415522
0.0484438985586166
0.0002119301789207
-0.0000823955488158
0.0000776335582486
-0.0000162430733326
-0.0019632470794022
-0.0000677641000948
0.0000710205422365
-0.0035487571731210
0.0002689218963496
0.0049176737666130
-0.0002814940817188
0.0000019600593077
0.0001649443729548
0.0356160551309586
0.0001990923774429
-0.0004376831930131
-0.0001070667058229
-0.0005827167187817
-0.0003777257516049
0.0008792654844001
-0.0009105092030950
0.0015514949336648
-0.0000470280101581
0.0000972947163973
-0.0005341829964891
0.0000700012824382
0.0001534094189992
-0.0000929434318095
-0.0004154273192398
-0.0008419011137448
0.0006170102860779
0.0032207586336881
0.0004897051258013
-0.0000785990414442
0.0000436833506683
-0.0001322396856267
0.0000712471010047
-0.0001226768654305
0.0012413064250723
0.0015644475352019
0.0001353061670670
0.0005585449980572
0.0005888273008168
0.0004238024703227
0.0001963298709597
-0.0004920958890580
0.0001013765067910
0.0000143861616380
-0.0000028365466278
-0.0002312940196134
-0.0001719903521007
0.0000750744511606
0.0003084660856985
-0.0001077261549653
0.0000824103917694
0.0000788390971138
0.0002071965427604
-0.0002441137330607
-0.0000501285394421
0.0001429633121006
0.0002003239642363
-0.0003890984226018
-0.0001716748956824
0.0001939640060300
-0.0001165343710454
-0.0003362713905517
-0.0000702281686245
0.0002018694358412
-0.0001286395854549
-0.0001328547659796
0.0000345885491697
0.0000025756953619
-0.0001701294968370
0.0001486400433350
-0.0001465275272494
-0.0002995942195412
-0.0000708794250386
0.0563296936452389
0.0629725381731987
0.0010237828828394
-0.0001905706594698
-0.0000823543377919
0.0000779643451096
0.0000380118071917
-0.0001068545898306
0.0000906993736862
0.0002719787880778
0.0000178934060386
0.0000803911461844
-0.0000801322457846
0.0002000072709052
-0.0000979341930361
-0.0000825839233585
-0.0001988027215702
0.0002155802503694
0.0001839247415774
-0.0001198116588057
0.0001383122871630
-0.0002790799480863
-0.0000309821698465
-0.0001954407925950
0.0010602656984702
0.0001245659514097
-0.0001226123422384
-0.0001184492066386
0.0000734918430680
-0.0000061931787059
0.0003884262114298
0.0003147556271870
0.0608003474771976
0.0001146570721176
-0.0001524727122160
-0.0002341785293538
-0.0000168613296410
0.0000802188005764
-0.0000114735448733
-0.0001401242188876
0.0003437091363594
-0.0001261739816982
-0.0000092135451268
0.0000524092829437
-0.0001876185560832
-0.0001817694283091
-0.0003021183074452
-0.0000110731807581
-0.0000223307943088
-0.0002133316593245
0.0001354135747533
0.0002131408255082
-0.0000519414243172
0.0437994897365570
0.0619044527411461
-0.0007802009931765
0.0009894807590172
-0.0003883866011165
0.0493291318416595
0.0000810513738543
-0.0001921187358676
-0.0022760406136513
0.0011392271844670
-0.0001216897726408
0.0005355860339478
-0.0000952962436713
-0.0004592334153131
0.0002319201594219
-0.0002058197569568
0.0000790342819528
0.0050813830457628
-0.0001690521894488
-0.0006376564269885
-0.0017446049023420
-0.0001069019199349
0.0000750066828914
-0.0001569763408042
-0.0000884333712747
-0.0000546311785001
-0.0001780553720891
-0.0001293348032050
0.0000125568258227
-0.0000571544660488
-0.0000254430160567
-0.0001499785867054
0.0000327421730617
0.0000732864136808
0.0591520480811596
-0.0001385500363540
-0.0000331118790200
-0.0001094045874197
-0.0002561837900430
-0.0000566002127016
-0.0000352441929863
-0.0003033014072571
-0.0002702796191443
-0.0000183920783456
0.0028562194202095
-0.0003619805793278
-0.0002865931601264
-0.0001270091743208
-0.0001023940785672
0.0002095810632454
0.0001779542071745
0.0001859118929133
0.0002151662920369
-0.0000320482358802
-0.0001966708514374
-0.0001381691836286
0.0629793480038643
0.0013244840083644
0.0003612065920606
-0.0000503319242853
