0.0371690168976784
0.0322749093174934
0.0000836132676341
-0.0001392489793943
0.0302045997232199
0.0317352525889874
-0.0002875923819374
-0.0003742474073078
0.0268513262271881
-0.0001202755374834
-0.0002017716760747
-0.0001581354299560
-0.0000553114805371
-0.0002747386170086
-0.0001342171744909
-0.0001049487764249
0.0001261278812308
0.0001290861400776
0.0000461139934487
-0.0000198605339392
0.0002599386498332
0.0000530271645403
-0.0000723051634850
0.0002557271800470
0.0000336281591444
0.0000541549125046
-0.0001158811573987
-0.0000499646448588
-0.0002394018665655
-0.0000452688982477
0.0003168134717271
0.0000574667828914
-0.0001872333232313
0.0001396429724991
0.0001166408110294
-0.0003733087796718
0.0043276622891426
-0.0001058822672348
0.0011398516362533
-0.0041604270227253
0.0047740899026394
0.0005524706793949
0.0005528008332476
-0.0008942676940933
-0.0009227567352355
0.0138389281928539
0.0348027497529984
0.0002397350763204
-0.0001660198322497
0.0003297322546132
0.0002345874527236
0.0000438088318333
0.0003687689022627
0.0000158645016199
-0.0000034796757973
-0.0000474611442769
-0.0000065643325797
-0.0000247608040809
-0.0001289561041631
0.0000074027702794
-0.0001921249931911
-0.0001183118001791
-0.0003333125496283
-0.0000828321644804
-0.0001076321495930
0.0002638137375470
0.0001541032979731
-0.0001240014244104
-0.0000111260578706
0.0002309015835635
-0.0001953663741006
0.0010198000818491
0.0816760882735252
0.0012275205226615
-0.0004301754524931
-0.0001127235591412
-0.0000489819758513
-0.0000856858605403
0.0000326913213939
-0.0001514275063528
-0.0001398839813191
0.0000859826686792
0.0000222985181608
-0.0000544661525055
0.0000611619325355
0.0001643688301556
0.0003045534249395
0.0001001408818411
-0.0000760424809414
-0.0001603835407877
-0.0001984020200325
-0.0000453152679256
-0.0002348928101128
0.0000276832142845
0.0003913898835890
0.0000428826824646
-0.0001150105235865
-0.0002322710060980
-0.0003112706472166
0.0000922024337342
0.0002470227191225
-0.0000169840204762
0.0001903857919388
-0.0001277678238694
0.0000835652172100
0.0000422685516241
0.0000135994487209
-0.0000633365561953
-0.0018823253922164
-0.0172916874289513
0.0156441554427147
0.0112177850678563
0.0124617973342538
-0.0152056291699409
0.0030558560974896
0.0124165611341596
0.0120885502547026
0.0202614013105631
-0.0026240139268339
0.0000187758632819
0.0000580132546020
0.0000923887928366
-0.0000549448013771
-0.0001359608431812
-0.0001132169563789
0.0001333634718321
-0.0003392369544599
0.0001041351570166
-0.0000505896459799
-0.0002132960798917
-0.0000346319757227
-0.0002433514746372
0.0000172601939994
-0.0001758900179993
-0.0001332762476522
-0.0000489388112328
0.0000313200580422
-0.0001319193252129
-0.0002429031155771
-0.0000792748760432
0.0000355430820491
-0.0000653298775433
-0.0001784725318430
-0.0003147573443130
-0.0000317557642120
0.0002659483288880
-0.0003398818953428
-0.0002168426144635
-0.0005750115378760
-0.0001139496889664
0.0009348913445137
-0.0003886300255544
0.0988065004348755
-0.0003136407758575
0.0003959651221521
0.0001919892820297
0.0000661262311041
0.0000171894789673
0.0000586134410696
-0.0000071458780440
0.0001811663096305
-0.0000197982499230
-0.0000617167897872
0.0000460814990220
-0.0000589359988226
0.0000010971270967
0.0000729802995920
0.0000307043956127
-0.0000500670248584
-0.0000383721198887
-0.0000661586964270
-0.0001169563765870
-0.0001063476229319
0.0001308273931500
-0.0002586446935311
-0.0000775875159889
0.0000145826270455
-0.0001235967210960
0.0000007999624358
0.0003422998997848
-0.0002781636430882
0.0026789219118655
0.0353139527142048
0.0398699566721916
-0.0011475074570626
0.0002953419461846
-0.0008063209243119
0.0004614085191861
0.0244081635028124
-0.0006580300396308
-0.0002726306847762
-0.0000352400384145
0.0003045002813451
-0.0001641996786930
0.0000814576778794
0.0001173693308374
0.0000018918071873
0.0000028171743907
-0.0002091764908982
0.0000346216693288
-0.0000322381529259
0.0000069728366725
0.0000325711589539
-0.0000546154115000
0.0001101010857383
0.0000049617519835
0.0000749609316699
0.0000694895497872
-0.0001850869593909
-0.0002955287927762
0.0002074954682030
0.0000654678879073
0.0001464716042392
-0.0000854016689118
-0.0000057911020122
0.0001925009710249
0.0000142842909554
0.0000430611944466
0.0000184835807886
0.0610878206789494
0.0001001471609925
0.0702296867966652
-0.0000757128727855
-0.0003273020847701
0.0001543441030663
0.0006114472635090
0.0004820929025300
0.0001006039310596
0.0001478985650465
-0.0001210156187881
0.0001575646310812
-0.0000007161070243
0.0000001492298907
0.0001807239750633
-0.0001677974651102
-0.0000951579422690
0.0000012141281331
0.0000821255962364
-0.0000455931913166
0.0000124228963614
-0.0001681440771790
0.0000194105377886
0.0000271082881227
0.0000276302307611
-0.0000122716410260
-0.0000504662602907
-0.0001242614089279
-0.0001736250851536
-0.0001062270966941
-0.0000552839665033
-0.0001291475491598
0.0002755260502454
0.0070965788327157
0.0000234400613408
-0.0013032784918323
0.0057884627021849
0.0285662449896336
-0.0083047961816192
-0.0001715703401715
0.0187172777950764
0.0005515524535440
0.0209285020828247
-0.0003988430544268
0.0000272878569376
0.0000121800549095
-0.0000712462933734
-0.0000023064058041
-0.0000136566377478
-0.0002567946503405
-0.0000863561872393
-0.0001370300742565
-0.0001815324649215
-0.0001458966871724
0.0003358077956364
0.0002579983847681
-0.0000643923849566
0.0000791664642747
0.0001293152745347
-0.0001990985329030
0.0000861881781020
0.0003988204407506
-0.0000727967126295
0.0000781348644523
0.0002330157585675
0.0003225104883313
0.0000377898541046
-0.0002094278461300
0.0000665136540192
-0.0003321944968775
-0.0002425568382023
0.0000368379915017
-0.0001373102713842
0.0699111372232437
-0.0001526228297735
-0.0005571406218223
0.0001943849492818
0.0001916724140756
-0.0002652697148733
-0.0001745051995385
0.0000263793117483
-0.0000206506229006
-0.0001330384984612
-0.0001308198843617
-0.0001644393778406
-0.0002069715992548
-0.0001353242842015
-0.0001174083954538
0.0000014622164599
0.0001092599850381
-0.0000572993521928
0.0001208980538649
-0.0001963727263501
-0.0000713254485163
0.0000798785913503
-0.0000124492653413
0.0003581831115298
0.0000605314708082
-0.0001767490757629
0.0001186472072732
0.0001885515957838
0.0000648598943371
-0.0000297372862406
0.0002134456590284
0.0004030448035337
-0.0000112114794319
-0.0001547288848087
-0.0002609622315504
-0.0000440863404947
-0.0000808398035588
0.0773072466254234
0.0001119004882639
0.0001891591819003
-0.0001500940124970
-0.0001595889480086
-0.0000190902210306
0.0000522585323779
-0.0000882517706486
-0.0001675893290667
0.0000610004790360
0.0002546721952967
-0.0000311260300805
-0.0000600944331381
0.0000065802723839
0.0000801010028226
0.0003640539071057
-0.0001317351125181
0.0001448043622077
-0.0000410744833061
-0.0001491117582191
-0.0000301604013657
-0.0001041689538397
0.0000088659999165
-0.0002636501449160
-0.0001197187084472
0.0001046006291290
0.0001240575365955
-0.0000216430780711
0.0000993969151750
0.0001205440057674
-0.0000172436411958
-0.0008473326452076
-0.0014936286024749
-0.0000597130856477
0.0594849474728107
-0.0014675953425467
-0.0003669835277833
0.0011999452253804
0.0001050818536896
0.0010620988905430
0.0001888762926683
-0.0001444303052267
-0.0000380481214961
0.0000379221892217
0.0000807457108749
0.0000192563456949
-0.0000339151738444
-0.0001309403596679
-0.0001185208893730
-0.0003386241733097
0.0001844206417445
0.0000009251671145
-0.0001072356753866
0.0000054382617236
-0.0001643492287258
-0.0001535499759484
-0.0003131431294605
0.0002934397198260
0.0000465721532237
0.0001816961012082
0.0000726658036001
-0.0000266778224614
0.0000932851253310
-0.0000676251802361
-0.0002138597483281
0.0001742896565702
0.0001754751720000
-0.0000262902758550
-0.0002307520771865
0.0449469462037086
-0.0001003784491331
-0.0008303669746965
-0.0004223871510476
0.0001222724677064
0.0500941723585129
-0.0008681041654199
0.0334572196006775
0.0001360927853966
-0.0001110593439080
0.0002888139570132
0.0000511605321663
0.0001061576913344
0.0001470858987886
-0.0002064444997814
-0.0000986469240161
-0.0000488344703626
0.0001259805139853
-0.0000703643308952
0.0000007544658729
-0.0001775852870196
0.0002099073899444
0.0001274265523534
0.0000406250619562
0.0001563825499034
0.0002499274560250
0.0000087095831987
-0.0000243219110416
0.0001939272915479
0.0000876332487678
0.0003275987110101
0.0000628675043117
-0.0001739467843436
0.0003733617777470
0.0001519689976703
0.0589299909770489
-0.0005516452947631
-0.0001880693162093
-0.0000598630977038
-0.0002560474094935
0.0010541584342718
-0.0000773941719672
0.0001588854647707
0.0521504767239094
-0.0003064786142204
-0.0000278093793895
0.0000248956494033
-0.0000440554285888
-0.0002646377542987
0.0000234571489273
-0.0001050360369845
0.0000259523440036
-0.0000189735874301
-0.0000287780130748
0.0000814104787423
-0.0001479103084421
0.0001551295135869
0.0001648768084124
0.0000140206284414
-0.0002590006915852
0.0002869319287129
0.0001403656642651
-0.0000035132179619
-0.0000915674027056
0.0000939804740483
-0.0001682841684669
0.0001950703153852
-0.0001280124415644
-0.0000654326213407
-0.0002924719592556
-0.0025546122342348
0.0108107887208462
0.0067817387171090
0.0169723741710186
0.0037542604841292
0.0069278827868402
0.0135959992185235
0.0153966527432203
-0.0012465124018490
-0.0438969992101192
-0.0004277109110262
-0.0002776525798254
-0.0000812744037830
0.0000678154901834
-0.0000626209803158
0.0000514069615747
0.0002310361014679
0.0000119547839859
-0.0002891749027185
-0.0003236037446186
0.0000033139949664
-0.0000403397134505
0.0001819506724132
-0.0001105099945562
-0.0002730659034569
-0.0000466062228952
-0.0000384251397918
-0.0005413022590801
-0.0003709409793373
-0.0004803909105249
0.0000618127451162
-0.0001518540957477
-0.0002178432187065
0.0001752651733113
-0.0005041354452260
-0.0000372817703465
-0.0015805193688720
-0.0002480537223164
0.0481986515223980
-0.0031457315199077
-0.0012687090784311
0.0486171506345272
0.0030448120087385
-0.0002563805319369
0.0395589470863342
-0.0018448302289471
-0.0001275375252590
0.0000302690459648
0.0001514155010227
-0.0001872923749033
-0.0000528734963154
-0.0000923301849980
0.0000227328309848
-0.0000238002467086
0.0002893166383728
-0.0000335894292220
0.0003239300567657
-0.0000890423616511
0.0000781039489084
-0.0002087609609589
0.0000107460073195
-0.0001734509132802
0.0000963290804066
0.0001579334784765
0.0001192374038510
-0.0000711143657099
0.0001893999142339
-0.0000368319088011
-0.0003150663687848
0.0000640096841380
-0.0000675718474668
-0.0001992603210965
0.0137616274878383
0.0214427430182695
-0.0199487078934908
0.0163796059787273
0.0113209821283817
0.0170198399573565
0.0099399918690324
0.0160006880760193
-0.0044568991288543
-0.0308608002960682
-0.0017497931839898
0.0000304238710669
0.0000434077737737
0.0000322796840919
-0.0000854617101140
-0.0004626755544450
0.0000755852088332
0.0000121073171613
0.0002336550969630
-0.0000846640978125
-0.0000872705131769
-0.0002339115599170
-0.0000319302998832
0.0000651846785331
-0.0001784654887160
-0.0000892434254638
0.0003556433657650
-0.0000726489379304
-0.0004404605715536
0.0000728829545551
0.0000876119083841
0.0000182408039109
-0.0002200309827458
-0.0001308922510361
-0.0002873167977668
-0.0004751641827170
0.0001813796843635
0.0000580427113164
-0.0000484475385747
-0.0000501544636791
0.0001025070087053
0.0000453743668913
-0.0000650420988677
-0.0000509733690706
-0.0000243118192884
-0.0001514303148724
-0.0000190186110558
-0.0002031046169577
-0.0002698813914321
-0.0000030646624509
0.0002614153490867
-0.0000088211090770
-0.0002629101218190
0.0000891808231245
-0.0001682364818407
-0.0000462548268843
-0.0001003579091048
-0.0000578991966904
0.0001475392054999
-0.0000564917208976
0.0002070977352560
-0.0000372213762603
0.0002227915247204
0.0000295434547297
-0.0001565215352457
-0.0000525996802025
-0.0001063119125320
-0.0000649481735309
0.0001117804640671
-0.0000408965934184
0.0000527929078089
-0.0000847167466418
0.0001218425459228
0.0000029595903470
0.0013603694969788
0.0007026363746263
0.0001219579135068
-0.0016346939373761
0.0749399214982986
0.0000051431925385
0.0008228615624830
0.0001856783055700
0.0003651370643638
-0.0000146032944031
-0.0000625433021924
-0.0004467318067327
-0.0000835891769384
0.0003665113181341
0.0000318613238051
0.0000094464048743
0.0000786838718341
-0.0002196971909143
-0.0003457876155153
-0.0001989601587411
-0.0000364960396837
0.0001666172902333
-0.0000968292952166
-0.0000634980970062
0.0001608768070582
-0.0002114358358085
0.0000950028479565
0.0001631912600715
0.0002230027748737
0.0001660519628786
0.0000778663670644
0.0002680660400074
0.0000512320693815
-0.0004083639068995
0.0000311735202558
-0.0003954009152949
0.0380994044244289
-0.0020427103154361
-0.0005855341441929
-0.0000786276796134
0.0465250872075558
0.0231975540518761
0.0001693242375040
0.0395477339625359
-0.0004091399023309
0.0001541597011965
-0.0000331606788677
-0.0002613608085085
-0.0000019326835172
0.0001498709898442
-0.0001310880470555
0.0000067757791840
-0.0002290500851814
-0.0001092199818231
0.0000074808885984
0.0001593952911207
0.0000848095587571
0.0001397831947543
0.0000912970717764
0.0000037636964407
-0.0002058852696791
-0.0001295843103435
0.0000842071021907
-0.0001288364437642
0.0000582191569265
0.0001727948838379
0.0000571785349166
-0.0000834409001982
-0.0000363471044693
-0.0002304039517185
0.0001408629468642
0.0008305325172842
-0.0004321861779317
-0.0000306354704662
-0.0000561886990909
-0.0000131541564770
0.0000247891730396
0.0733394995331764
-0.0000751195548219
0.0001157264632639
0.0000113848745968
-0.0000568370742258
0.0003604639787227
-0.0000666590494802
-0.0001700533612166
-0.0001087391865440
0.0000606220964983
-0.0002742398937698
-0.0001510629663244
0.0000481369497720
-0.0001155205754912
-0.0002561398723628
0.0001291094959015
0.0002529762859922
0.0000073563569458
-0.0001118990112445
0.0002914174401667
-0.0001832979032770
-0.0001337076100754
0.0001469325943617
-0.0000389588676626
0.0000537948653800
0.0001874692970887
-0.0000358242141374
0.0002143740130123
0.0000131344513647
0.0385000519454479
-0.0007200184045359
0.0007930309511721
0.0000371372952941
0.0547016598284245
0.0001250176283065
0.0499663241207600
-0.0004672408686019
0.0005584168247879
-0.0040254895575345
-0.0002189553633798
-0.0001424093497917
0.0000256392959272
0.0001009539773804
0.0002653627307154
-0.0004014859441668
-0.0003214198513888
-0.0002839679073077
-0.0001617568923393
0.0002576358092483
-0.0000945430292631
0.0000170759012690
0.0000770278711570
-0.0001977457141038
0.0000671879315632
0.0000286623617285
0.0002192844403908
-0.0000387840264011
0.0000126072263811
0.0000388452535844
0.0000113646237878
0.0000478131187265
0.0000526202493347
-0.0002278019383084
0.0001331830280833
-0.0003446860646363
-0.0009318669326603
0.0801969692111015
0.0000523696726304
0.0000480190137750
0.0000767500314396
-0.0000156711830641
-0.0000226379343076
-0.0000446010453743
-0.0000756638255552
0.0000504096751683
-0.0000074558774941
0.0000626171677141
0.0001588048908161
-0.0000025736371754
0.0000233036553254
0.0000806476309663
-0.0004183782148175
-0.0000464549084427
0.0002084998995997
-0.0000652173912385
0.0002026796864811
-0.0000703337136656
-0.0000712547480362
0.0000041176972445
-0.0000887826972757
0.0001897627662402
0.0000538590975339
-0.0003138210158795
-0.0001403359783581
0.0001966227137018
0.0003162928915117
-0.0001488172565587
0.0000218542882067
-0.0000039881706471
-0.0000198821071535
-0.0000272923607554
0.0001842269412009
0.0016318755224347
0.0002556630643085
-0.0002214739215560
0.0735652372241020
-0.0003681305097416
0.0000125917267724
-0.0000998840623652
-0.0000777135865064
0.0000084228959167
0.0003405853640288
0.0003245989209972
-0.0000801484202384
0.0002984658058267
0.0002298362815054
0.0001569235319039
-0.0001009631523630
0.0000546209921595
-0.0000287571128865
-0.0001098337015719
0.0001766504865373
0.0000750658582547
0.0002862725523300
-0.0001479635830037
-0.0000906923814910
0.0000890009250725
-0.0002578166313469
-0.0000318931270158
0.0001702550071059
-0.0001246395841008
-0.0002878385130316
-0.0001160488391179
-0.0001827192027122
0.0001839815813582
0.0000701311582816
-0.0002205772325397
0.0614374391734600
-0.0009200962958857
-0.0000630919821560
0.0002581099106465
-0.0001692401419859
-0.0007829056121409
0.0000369965127902
-0.0008945430745371
0.0509650185704231
0.0561801902949810
0.0000185380340554
0.0003285639977548
-0.0001548235450173
-0.0000200525610126
-0.0001903157099150
-0.0000555501683266
-0.0001549510343466
-0.0002135344839189
0.0000865937472554
0.0000487374891236
0.0002447289880365
-0.0002040342224063
-0.0001655043888604
-0.0001433783618268
0.0001607980084373
0.0000572738499613
-0.0000389902270399
-0.0000386701140087
-0.0002121673751390
0.0000156138703460
0.0002558571868576
0.0000128501997096
-0.0000736519868951
-0.0002032574702753
0.0000447031707154
0.0003556946176104
0.0000259577791439
0.0743332877755165
-0.0000425694561272
-0.0000405916216550
-0.0001357568980893
0.0000723254634067
-0.0000336093507940
-0.0000993112334982
-0.0000277771559922
-0.0000173275693669
-0.0000612591102254
0.0004029950650875
0.0000178726477316
-0.0000188811973203
-0.0001396185834892
0.0000449595245300
0.0000564268339076
0.0002104196464643
-0.0000695039852872
-0.0000110771943582
0.0000746257792343
0.0000093384442152
0.0000615825265413
-0.0001560457458254
-0.0000916127319215
0.0000983764184639
0.0000017467973521
-0.0002059986290988
-0.0001942118396983
-0.0000140196716529
-0.0002376990596531
-0.0000424903118983
0.0000465688899567
-0.0000455950503238
-0.0002437880175421
-0.0000488187215524
0.0368892215192318
0.0001113875769079
-0.0010687740286812
0.0307748578488827
-0.0012946829665452
-0.0005808080313727
-0.0011966936290264
-0.0000859048013808
0.0530976206064224
-0.0008807337726466
0.0000344198851963
0.0001328177750111
-0.0001373550912831
0.0000289870768029
0.0001497105986346
0.0001002884018817
-0.0001030892308336
0.0001264078018721
-0.0001035042078001
0.0002690427354537
0.0001240487617906
0.0001515462208772
0.0001290122891078
-0.0001042373405653
-0.0000374572700821
-0.0000619478669250
-0.0001474913733546
-0.0000258863092313
0.0001797708682716
0.0001337175635854
0.0000507906588609
0.0000101987679955
-0.0001486966502853
0.0002123800659319
0.0002207761135651
0.0002020403335337
0.0007661685813218
0.0010669548064470
0.0497801080346107
0.0542036816477776
-0.0009670506697148
-0.0005188408540562
-0.0012129715178162
-0.0034388555213809
0.0002863798290491
0.0482189357280731
0.0002137590490747
0.0000293789889838
0.0000145190097101
-0.0001591602049302
0.0001404040085617
-0.0002658947196323
0.0001807645312510
0.0000441008887719
-0.0001851062697824
0.0000253426114796
0.0001464178058086
0.0000040957602323
0.0001904755772557
-0.0001066353652277
0.0002739863120951
0.0000760906041251
-0.0000348080247932
0.0001056312030414
0.0001884010125650
0.0002273935388075
-0.0000455024055555
0.0003686918353196
0.0001733955577947
0.0000654209288768
-0.0000576693055336
0.0022002100013196
-0.0002582040324342
-0.0015715144108981
-0.0006711967289448
-0.0038844745140523
0.0006859855493531
0.0557548440992832
-0.0009085416095331
0.0001451832067687
0.0013596396893263
0.0484454967081547
-0.0000105571161839
0.0001694302773103
-0.0001651681959629
0.0000158574384841
0.0000659895958961
-0.0002242366317660
0.0001671387726674
-0.0002800158399623
0.0002759080671240
0.0000942420738284
-0.0000180835850188
-0.0000030729606806
-0.0002911864430644
-0.0001119132866734
-0.0000802196445875
0.0001231706555700
-0.0000712410474080
-0.0000052578616305
-0.0003468302602414
-0.0000494570813316
0.0005464181886055
0.0001837114105001
-0.0000497665751027
-0.0001790418027667
-0.0001457823673263
0.0001436231250409
-0.0000154376830324
0.0016695315716788
0.0678861290216446
0.0001603397831786
-0.0001733194076223
0.0001315559347859
0.0000530489778612
0.0000705418860889
0.0001101183079300
-0.0000418891286245
-0.0000022517342586
-0.0000722127151676
0.0001578716910444
-0.0001282490557060
0.0001124325353885
-0.0002329949056730
0.0000476431887364
-0.0001608949532965
0.0000257784340647
0.0002636397257447
-0.0000493651168654
-0.0001362746552331
-0.0001109889199142
0.0000557824751013
-0.0000561966298847
0.0002021638792939
-0.0000134155488922
-0.0002044435677817
-0.0000455744666397
-0.0000243972644967
0.0001092370803235
-0.0001130126183853
-0.0000245385090238
0.0001664898300078
0.0000621213839622
-0.0001918386260513
0.0000149435836647
0.0013979211216792
0.0026730711106211
-0.0008828396094032
-0.0000965332728811
-0.0007613126654178
0.0016878708265722
0.0496297739446163
-0.0000476438181067
-0.0019100543577224
0.0001343792682746
0.0000615681565250
-0.0001239995472133
0.0002631795359775
0.0000668812426738
-0.0001274627138628
-0.0001021640273393
0.0000493186744279
0.0000267749201157
-0.0000440621734015
0.0000942186306929
-0.0001109900331357
-0.0000073922346928
0.0001734917022986
-0.0001065537217073
0.0000328669120790
0.0000860916261445
-0.0001711163931759
0.0001261661527678
0.0000452064268757
-0.0002818905632012
0.0000614831806161
0.0000000352902134
0.0002343878586544
0.0001579569943715
0.0001043950251187
-0.0013779655564576
-0.0011537685059011
0.0004095296608284
-0.0016796778654680
0.0014797995099798
-0.0001224653969985
0.0749140903353691
-0.0003628473496065
0.0607685521245003
-0.0006082659820095
-0.0003016240079887
0.0001598685776116
-0.0001122006215155
-0.0000469574079034
-0.0002834060287569
-0.0000290751704597
0.0001964221446542
0.0000338312820531
0.0000730626052245
-0.0000730824831408
0.0000441760930698
-0.0000173337612068
0.0002202418108936
-0.0001254933449673
-0.0004289243370295
0.0001346309145447
-0.0002915017830674
-0.0005603614263237
0.0001092638412956
0.0001934403699124
0.0000476390050608
0.0001157860824605
-0.0000745768556953
-0.0000068792514867
0.0001127206633100
0.0002033654745901
0.0782329216599464
0.0003912690444849
-0.0003040763258468
-0.0002872000914067
0.0002039288519882
-0.0002076815144392
-0.0005271320696920
-0.0003693329927046
-0.0003900322481059
0.0000940478494158
0.0002611910167616
0.0000786459422670
-0.0002448371960782
-0.0001095275001717
-0.0001427230017725
0.0002303034852957
-0.0000557277453481
-0.0000795381274656
-0.0001504919782747
0.0003016765404027
-0.0001530362496851
0.0001201621271321
-0.0001822642516345
0.0001354604610242
-0.0000074350173236
-0.0003003018209711
-0.0000927461805986
0.0001055517786881
-0.0001029009581544
0.0000246903437073
-0.0003759075480048
0.0001101891903090
0.0001839516626205
-0.0001241904828930
0.0001683633308858
0.0000078644079622
