0.0736214220523834
0.0000173469597939
-0.0005210814415477
0.0000710725726094
-0.0004624674329534
0.0008722667116672
-0.0003485068737064
0.0000326595472870
0.0643305778503418
0.0006370800547302
-0.0001372019178234
0.0000324806787830
0.0000588047078054
-0.0000709843443474
0.0000827332405606
0.0000058861332946
-0.0000945736683207
-0.0001013469736790
-0.0000205386822927
-0.0001114585684263
-0.0004664508742280
0.0000473560830869
-0.0000815374223748
0.0001742938766256
-0.0001887589751277
0.0000301062955259
0.0001211264388985
-0.0000835744722281
0.0000864718895173
0.0000584941444686
0.0002419008960715
0.0001550475426484
0.0000905824490474
0.0002888295275625
-0.0000096967632999
-0.0001725784677546
-0.0021899666171521
-0.0001461079373257
-0.0016920863417909
0.0000161177977134
0.0000485179189127
0.0668684914708138
-0.0000781168564572
0.0595991946756840
-0.0003124505165033
0.0003372735809535
0.0000449689323432
-0.0000154331410158
-0.0000682492827764
0.0001986061251955
-0.0001493445888627
0.0000824647868285
0.0001040655624820
0.0000706217688276
0.0001186892768601
-0.0002808487333823
-0.0002074830699712
0.0003541498153936
-0.0000896736019058
0.0001864785008365
0.0000388945845771
-0.0001359371672152
-0.0000303448396153
-0.0000525989453308
-0.0000826271716505
0.0000076104697655
-0.0001036657777149
-0.0001439659536118
-0.0000132834820761
-0.0000490647980769
-0.0000080887475633
0.0000173312437255
-0.0002907029411290
-0.0001111642632168
0.0000697422510711
0.0001117373249144
-0.0000611386931268
0.0012416624231264
-0.0002292062272318
-0.0002505434385967
-0.0001016043024720
0.0713912099599838
0.0001762514875736
0.0003158579347655
-0.0000538258827874
0.0000886534980964
-0.0001163970300695
-0.0002900042745750
0.0000065392050601
0.0003381957649253
0.0000287906223093
0.0000430779618910
-0.0000838135165395
0.0000958829696174
0.0000559361433261
0.0000709113446646
0.0000824957169243
-0.0000846533730510
0.0001498472702224
-0.0000475290653412
0.0000958395248745
-0.0001418377360096
-0.0000686795683578
0.0002661014150362
-0.0001511361915618
0.0000650928704999
0.0001144621637650
-0.0002336966281291
-0.0012427929323167
-0.0027911826036870
0.0000220015062951
0.0025030637625605
-0.0002512378559913
-0.0019735426176339
0.0011367066763341
0.0193304605782032
0.0016442909836769
0.0014731849078089
0.0001236261887243
-0.0002264348877361
-0.0001570629974594
0.0001065108735929
0.0003225571126677
-0.0000480224407511
0.0001329038932454
-0.0007456978783011
-0.0000057291836129
-0.0000132971545099
-0.0000617169862380
-0.0000515530409757
-0.0000758939422667
0.0001425717200618
0.0002668495872058
0.0004592858895194
-0.0001329389051534
0.0001402357447660
-0.0000583732326049
0.0001199851103593
-0.0000702983816154
0.0000914753618417
0.0000238055145019
-0.0002959736739285
0.0000678974975017
-0.0002486642042641
-0.0000541929839528
0.0942054167389870
0.0001040525676217
0.0003303295525257
0.0001000588454190
-0.0005831118905917
0.0001048271951731
-0.0002333984884899
-0.0000007273556548
-0.0000026853203963
0.0000387559848605
0.0001345537457382
0.0000445680925623
0.0000412586232414
0.0000726764264982
0.0002946107415482
-0.0001906705147121
0.0001006729362416
-0.0003636713372543
0.0000996501039481
0.0000464828917757
-0.0000079956371337
-0.0001188704336528
0.0001356233260594
-0.0000032621101127
0.0001365149655612
0.0000014337192624
-0.0002050122566288
-0.0000882920430740
-0.0002473132917657
-0.0001881749485619
0.0000009376308299
-0.0000567505776417
-0.0001093253013096
0.0001723685418256
-0.0000713257977623
-0.0000150897612912
0.0037157463375479
0.0017787809483707
-0.0002701482153498
0.0001239083794644
0.0017767737153918
0.0373861789703369
-0.0003223493986297
0.0519132874906063
-0.0006303923437372
0.0002773908781819
0.0000190189348359
0.0000638303172309
-0.0000780881746323
0.0003884135512635
0.0001292378874496
0.0000069293528213
-0.0002639213926159
-0.0000842342924443
-0.0002903335262090
-0.0000144878649735
0.0001769009541022
-0.0000119041360449
-0.0002216408029199
0.0000171201681951
0.0000439257200924
0.0001984865521081
0.0000311011390295
-0.0001453837030567
0.0001521358208265
-0.0002475309593137
-0.0000796398308012
-0.0000546000410395
-0.0001336225832347
0.0000488720834255
-0.0000631380535197
0.0637738630175591
-0.0006535170250572
-0.0000928882072913
0.0000221043883357
-0.0008483945857733
0.0000275047932519
0.0003365994780324
0.0001827165833674
-0.0001197195742861
0.0000183765150723
-0.0001053967716871
-0.0000885094923433
0.0001697808038443
0.0001274813548662
-0.0000674546463415
0.0000889752482180
0.0000990517728496
-0.0002948410983663
0.0000308413036691
-0.0000365978776244
-0.0002658667217474
0.0000945113570197
0.0000303697852360
-0.0001334311382379
0.0000371086571249
-0.0002189212682424
0.0001350110105705
0.0001560715027153
0.0001662206923356
-0.0002309450355824
0.0001846150116762
0.0001061185466824
0.0001165613502963
-0.0002156473055948
-0.0002006549621001
-0.0000110933833639
0.0000048023703130
-0.0002820694935508
-0.0001366182113998
-0.0000160589115694
-0.0001468410046073
0.0000853787933011
0.0005510757328011
0.0001439939951524
-0.0001751298404997
0.0722851529717445
0.0000836937470012
-0.0001491908769822
-0.0002118098491337
-0.0001030242128763
-0.0001793331321096
-0.0001628624304431
0.0001250908680959
-0.0002307763352292
-0.0002810631121974
0.0002657090662979
0.0002190556406276
0.0000803511211416
-0.0001223808794748
-0.0000853288365761
0.0001477667246945
-0.0000371849673684
0.0000142860517371
-0.0000860483487486
-0.0001878503680928
0.0000333809221047
0.0000681281453581
-0.0001241126883542
0.0000992303976091
-0.0001342366449535
-0.0001000370393740
0.0001284211757593
0.0011030477471650
-0.0084942542016506
0.0141466138884425
-0.0003974913561251
0.0300809945911169
0.0006260045920499
-0.0008738689939491
-0.0041369441896677
0.0155814755707979
0.0212731286883354
0.0000036549681681
0.0002153477980755
-0.0000092431291705
0.0001293288078159
-0.0000454708133475
-0.0000372268550564
0.0000452112290077
-0.0001449413539376
0.0000153303844854
0.0000799389090389
-0.0000989431791822
-0.0001982088724617
-0.0000398008414777
-0.0000408310625062
0.0000515685896971
0.0001740739389788
0.0001888947444968
0.0001380754983984
0.0001163881024695
-0.0003917712019756
-0.0000927546861931
0.0002160270087188
0.0000028441208997
0.0001452719443478
-0.0002499340916984
0.0002734547015280
0.0438295789062977
0.0436128340661526
-0.0019732238724828
0.0059152976609766
-0.0010226044105366
0.0353881679475307
-0.0010156609350815
0.0329024195671082
-0.0054053887724876
-0.0014424964319915
0.0001282592420466
0.0003394630039111
-0.0001017183749354
-0.0001651014899835
0.0002205897762906
-0.0000391133835365
0.0002205469500041
-0.0005946735618636
0.0002432821929688
-0.0000710202293703
-0.0000410746506532
-0.0001131421522587
0.0001844690123107
-0.0001272725930903
-0.0002768562699202
-0.0001687813637545
-0.0000814607337816
-0.0000278715306194
-0.0000765412114561
0.0002383552200627
0.0000664676481392
0.0000183933880180
-0.0000986024097074
-0.0003882879682351
0.0001360704482067
-0.0000218489585677
0.0531553961336613
-0.0010756291449070
0.0003958622692153
0.0022759877610952
-0.0017543074209243
0.0008939030813053
0.0002999356656801
-0.0002025657740887
0.0522476732730865
0.0610883273184299
-0.0000927495129872
-0.0001229871559190
0.0001848885876825
0.0000699144438840
-0.0001455908495700
0.0001763523032423
-0.0000950988323893
0.0000546168703295
-0.0001545188424643
-0.0001124847622123
0.0000497330802318
-0.0000224880459427
-0.0000950744943111
-0.0000799115587142
-0.0002121702418663
0.0001030098646879
-0.0000709105224814
-0.0000558177489438
0.0012509264051914
0.0000388283951906
-0.0000558174724574
-0.0000598656697548
0.0002049191534752
0.0000589852716075
-0.0000416925322497
0.0004272073856555
0.0003785486915149
-0.0000202426199394
-0.0004356938006822
0.0649272873997688
-0.0003083119518124
-0.0002330524876015
-0.0007493745069951
0.0001318137947237
-0.0003180163912475
0.0001011159183690
0.0001979337976081
-0.0002080488338834
-0.0002193186664954
0.0001796522119548
0.0002238400775241
0.0001783338084351
0.0000658933277009
-0.0001206876040669
0.0000976265946520
0.0002460615942255
-0.0000022487365641
0.0000456208872492
-0.0000281963584712
0.0001745791232679
-0.0000822997099021
0.0000476558052469
-0.0000615202588961
-0.0001321921299677
-0.0000448771243100
-0.0002288958639838
-0.0001811677939259
-0.0001518794015283
0.0003878110437654
-0.0001415668521076
-0.0001667111646384
-0.0000778708199505
-0.0006603916408494
0.0000122697019833
0.0002471850602888
-0.0000689574080752
-0.0005333484150469
0.0001041926880134
-0.0000950303074205
0.0896202549338341
-0.0000496633583680
-0.0000068918525358
0.0000677781572449
-0.0000106456864160
-0.0001169396127807
-0.0002601775922813
-0.0000691610257491
0.0000780969639891
0.0000006927293725
0.0000086780637503
-0.0001578641677042
-0.0000331975970767
-0.0004259256529622
-0.0001027709731716
-0.0002503466384951
0.0000714383641025
-0.0001960918889381
0.0000335459699272
0.0000442585151177
-0.0000927038563532
0.0001573650515638
0.0000512263359269
0.0000334971773555
0.0001032169093378
-0.0000846008915687
0.0000135142690851
0.0000322705527651
-0.0001209903421113
0.0072211576625705
0.0192354451864958
-0.0012152416165918
0.0091237118467689
0.0161292273551226
0.0010768265929073
0.0167114622890949
0.0094749126583338
0.0091260513290763
-0.0220760144293308
0.0001439696643502
0.0000971808185568
0.0001308561768383
-0.0005312043940648
-0.0003037343267351
-0.0000203264280572
-0.0002788085257635
-0.0003776216180995
0.0000109442917164
-0.0002060827246169
0.0001464798406232
0.0001088789431378
-0.0002517785178497
-0.0000788523029769
0.0001813933486119
-0.0000406766885135
0.0000488142868562
0.0000382173893740
-0.0003578182077035
-0.0000609771996096
0.0001117364517995
0.0000177407564479
-0.0001261222932953
-0.0000788659017417
0.0000289243835141
0.0001356730208499
0.0017062153201550
-0.0001586658618180
0.0564001649618149
-0.0013032603310421
-0.0000398152660637
-0.0003875330730807
-0.0008149298955686
0.0569400563836098
0.0000298404047498
0.0556156598031521
0.0002891807234846
-0.0000012694217730
-0.0001434341975255
-0.0001155828431365
0.0002047304151347
0.0002954942174256
0.0000715451387805
0.0001704218157101
0.0000547371964785
0.0000842318113428
-0.0000490365200676
-0.0000911472016014
0.0000489451958856
0.0000653844472254
-0.0000072952807386
-0.0001965563278645
0.0001855317677837
-0.0001168962771771
0.0001180403705803
0.0000482882023789
0.0000910424423637
0.0000087389198598
-0.0000078925222624
-0.0000568336145079
-0.0001469849667046
-0.0000616315082880
0.0106144612655044
0.0173382796347141
-0.0250218715518713
0.0130324289202690
0.0156543217599392
0.0112549774348736
0.0077598779462278
0.0087690111249685
0.0165259875357151
-0.0189174562692642
-0.0001595813955646
0.0000936283904593
-0.0000923316911212
-0.0000077603035606
-0.0006560565088876
0.0001057862464222
0.0000995602895273
-0.0006163210491650
-0.0000982921555988
0.0002222717012046
-0.0001376757572871
-0.0000564568399568
-0.0002125056344084
0.0000435862457380
-0.0002401975507382
-0.0000403100166295
-0.0000778580288170
-0.0000264742557192
0.0000463615651825
-0.0001756205165293
0.0000869770592544
-0.0004036147147417
-0.0000187681653188
0.0004680037964135
-0.0003569914551917
0.0001119273001677
-0.0000056264834711
-0.0002848027506843
-0.0000329115682689
0.0000714665875421
-0.0000826123578008
0.0690771937370300
-0.0001335489941994
-0.0004690018831752
-0.0001710532815196
-0.0000826072937343
-0.0000823735317681
0.0000949038803810
-0.0000631311559118
-0.0000842658919282
-0.0001648639736231
0.0003739003150258
0.0000297618971672
0.0000353457435267
-0.0003696842759382
-0.0001423564099241
0.0000741096009733
0.0000883743559825
0.0001414410071447
0.0001402136549586
-0.0000133234098030
0.0000242232708842
0.0000765622389736
0.0000186101024156
-0.0001643282448640
0.0003050447558053
0.0000561459237360
-0.0001702899171505
-0.0000905525230337
0.0000236059640883
-0.0001392552949255
0.0000723339398974
-0.0018928647041321
0.0002646069624461
-0.0006510392413475
0.0145351942628622
-0.0004318303253967
0.0627347379922867
-0.0001473134616390
0.0000029869261198
0.0687810704112053
-0.0011330891866237
-0.0000035900447983
0.0001893361622933
-0.0000965814324445
0.0001146412978414
0.0001027479593176
0.0000971638801275
-0.0000909613227122
-0.0002685310319066
0.0001316006528214
-0.0000094128845376
-0.0000870247386047
-0.0002051918272628
-0.0000351058406522
0.0000618491758360
0.0001623022399144
0.0001882903306978
-0.0001285882026423
0.0002647051587701
0.0000975717266556
-0.0000130530970637
0.0001141939283116
-0.0001028288315865
-0.0000147309910972
-0.0000207334087463
-0.0000242231180891
-0.0000674658513162
-0.0009861860889941
0.0005950718768872
-0.0007614923524670
0.0653860792517662
-0.0000311681651510
0.0013632224872708
0.0001969698787434
0.0011926146689802
0.0000713431945769
0.0025306148454547
0.0002258815220557
0.0001651560014579
-0.0000290659936582
-0.0000591954812990
-0.0001837639283622
-0.0003467818023637
0.0000678958531353
-0.0001173232885776
0.0003023606259376
-0.0001808278611861
0.0000547466406715
-0.0000821436260594
0.0001287117629545
-0.0000772235507611
0.0000033225660445
-0.0000145857920870
-0.0000910059898160
0.0000503435148858
0.0002538766129874
0.0001434076984879
0.0000860898871906
0.0000426522819907
-0.0000421987642767
0.0001746222988004
-0.0002689835091587
0.0000646546686767
-0.0006706042913720
-0.0003523260529619
0.0577105209231377
-0.0010960205690935
-0.0001553451875225
-0.0001668375625741
-0.0001970366138266
0.0663831755518913
0.0005099132540636
-0.0000364554798580
-0.0000636352924630
-0.0002233418636024
0.0001094846156775
-0.0000071875692811
0.0000421207805630
-0.0001055354368873
-0.0001685132447165
-0.0001716589031275
0.0000362371465599
-0.0000561928682146
0.0000970319524640
-0.0000977344170678
0.0003741869295482
-0.0000246933122980
0.0001340889430139
0.0000879327853909
-0.0000982184938039
0.0000934560448513
0.0000242398309638
-0.0003454836260062
0.0001557564828545
0.0002381888043601
-0.0001869735133369
0.0000805868403404
0.0003216853656340
0.0000042161809688
-0.0001482643419877
0.0992316603660583
0.0000691130117048
-0.0002273080172017
0.0000105312428786
0.0005485063884407
0.0003702460671775
0.0000661044905428
-0.0001903894008137
0.0001681229769019
0.0000379092089133
-0.0002111141220666
-0.0000725326754036
-0.0000029918082873
0.0003023425233550
-0.0001120773740695
-0.0002236840373371
0.0000346655469912
0.0001776119170245
-0.0000296006073768
-0.0001626664015930
0.0001360442256555
-0.0000759854301577
-0.0002875972131733
-0.0000433660170529
-0.0001424090878572
0.0001962740789168
-0.0000160931449500
0.0000510489408043
0.0000936769210966
0.0004455660236999
0.0003953732084483
-0.0000401634606533
-0.0000449404069514
0.0000602260115556
0.0000631573711871
-0.0000510796089657
-0.0004048452246934
0.0551478639245033
-0.0004592450859491
-0.0009201937355101
-0.0000526817384525
0.0644671097397804
-0.0003383750445209
-0.0000940556346904
-0.0003720318491105
0.0001750630035531
-0.0000037064237404
0.0003165745583829
-0.0001031189312926
-0.0000703567493474
0.0002373793977313
-0.0001643760333536
0.0001074329411495
0.0001127002979047
-0.0001154081401182
0.0001077774431906
0.0003578880860005
-0.0002187278587371
0.0004900532076135
-0.0000742523407098
0.0000116715054901
-0.0001526321575511
-0.0003442007582635
-0.0000777373061283
-0.0000159684750543
0.0001142361215898
-0.0000858723942656
-0.0002796474727802
0.0000289303279715
0.0001005222438835
0.0002130600187229
-0.0002850019373000
0.0000550631229999
-0.0000049900118029
-0.0002546539180912
-0.0002232343686046
-0.0008270097314380
0.0779957622289658
-0.0001913314772537
-0.0001276200346183
0.0000957598967943
0.0001578792580403
-0.0000798083929112
-0.0001008155450108
-0.0004342120373622
-0.0001277874107473
-0.0002474999055266
0.0000407371844631
0.0003902357420884
0.0001851963170338
-0.0001836732262745
-0.0001930667203851
0.0001613077474758
-0.0000567237002542
0.0000952902264544
0.0000047122539399
0.0001895020977827
-0.0001979095832212
-0.0001879508636193
0.0002208346559200
0.0000183322445082
0.0000484550255351
0.0000238571919908
-0.0000842970039230
0.0000481752686028
-0.0003037947753910
0.0000927016080823
0.0000879756989889
0.0001011186686810
0.0000612504081801
0.0000776562301326
0.0001361548493151
0.0000648332934361
0.0000297927035717
0.0001366735959891
0.0000586671922065
0.0001870113192126
0.0000026305060601
-0.0000951658439590
-0.0001725936454022
0.0003494048723951
0.0000577506980335
-0.0001847678940976
-0.0001366743090330
0.0000192102452274
-0.0001957469648914
-0.0001765483175404
0.0002242305345135
0.0000739732786315
0.0000869924551807
-0.0004364792548586
0.0000459295115434
-0.0001468633417971
-0.0000406988910981
0.0001692939258646
0.0001441463246010
-0.0000422239827458
0.0000773752835812
-0.0000050618327805
-0.0000083177656052
-0.0001520863443147
-0.0001705890754238
0.0001197873789351
0.0252923220396042
-0.0008614094113000
-0.0024265151005238
-0.0012464021565393
-0.0027190018445253
0.0004047212132718
-0.0001181123807328
0.0001146468130173
0.0027792253531516
-0.0002038395614363
-0.0002654585987329
-0.0000762012641644
-0.0000125178812596
-0.0003552054986358
0.0006633425364271
-0.0003604167432059
0.0001218787656398
-0.0001089358411264
0.0000935097996262
0.0000053254789236
-0.0002277840685565
-0.0000551920675207
0.0003318726667203
-0.0000585707020946
-0.0000145817612065
0.0004119256045669
-0.0000976057854132
0.0000692782341503
-0.0001823494385462
0.0001262102741748
0.0001731595257297
-0.0001135781349149
0.0002119182026945
-0.0001330020604655
-0.0001153922348749
0.0000836450635688
-0.0003921041206922
-0.0010262421565130
0.0001693259255262
0.0719537064433098
0.0000795468804426
0.0598717518150806
-0.0000435351903434
-0.0006389135960490
-0.0000576445527258
-0.0001835385774029
-0.0000478471556562
-0.0000294386845781
-0.0001389737590216
-0.0001605984434718
-0.0000569320982322
-0.0002503809228074
-0.0000047649828048
-0.0002268417738378
0.0001737502752803
-0.0002951310016215
-0.0001366275828332
-0.0000210602956940
0.0000536083098268
0.0000497949076816
0.0000883425745997
-0.0002885435533244
0.0000485709679197
-0.0000481013994431
0.0002364225074416
0.0001434139703633
0.0002159033028875
-0.0001339524751529
-0.0001158987579402
0.0001924754324136
-0.0001206224405905
0.0000297716323985
-0.0010213681962341
-0.0010312579106539
0.0277807656675577
-0.0023113023489714
0.0362521521747112
-0.0026610456407070
0.0267462134361267
0.0008077645325102
0.0238130614161491
0.0380280837416649
0.0000377905344067
0.0000322909945680
-0.0001617043017177
-0.0001019246410578
-0.0002693584538065
0.0002303890069015
-0.0001972172321985
0.0000234228318732
0.0000898557773326
-0.0003276607603766
0.0000367458378605
0.0000052372561186
0.0000124638172565
-0.0001713818637654
-0.0000501930189785
0.0003050620143767
0.0002313472505193
-0.0000531970981683
-0.0000070017194957
-0.0001349513477180
-0.0002801958471537
0.0000006016343832
0.0000735991488909
0.0000664897961542
-0.0000318180573231
0.0000893640681170
0.0464686118066311
-0.0005011551547796
-0.0007497966289520
-0.0001094509716495
-0.0018824420403689
0.0566279292106628
0.0523480959236622
0.0001920241629705
0.0006449295906350
0.0026943527627736
-0.0004444280930329
-0.0000098777090898
-0.0002789152204059
0.0002615498669911
-0.0000658442586428
-0.0002597733400762
0.0002476582885720
0.0000206338736461
0.0001994272897718
-0.0000697676805430
-0.0001959992805496
-0.0003643971285783
0.0000177710826392
-0.0002275573206134
-0.0001839715696406
0.0000741176045267
-0.0001723621389829
0.0000519286113558
0.0000868339629960
-0.0000807205360616
0.0000573918514419
0.0002135238610208
-0.0000843701564008
0.0000328795213136
0.0003039219591301
0.0001904011878651
0.0567385181784630
-0.0002035988291027
-0.0001048172707669
-0.0006083502667025
0.0745330601930618
-0.0001301929441979
-0.0001160633983091
-0.0000099730968941
0.0004597385122906
0.0018066115444526
-0.0000261454697466
0.0000097959418781
0.0000550201511942
-0.0001514472241979
-0.0000579953630222
-0.0001332245592494
0.0000167508478626
-0.0001134680642281
0.0000285993628495
-0.0000267951327260
0.0001412451383658
-0.0000344205182046
-0.0000903641848709
0.0000679765726090
0.0000480460003018
0.0000821325957077
0.0000277582221315
-0.0000355297233909
0.0000571152195334
0.0000784800431575
-0.0002717716852203
-0.0003527029184625
0.0002650710521266
-0.0000016513677110
0.0001378234737786
0.0000153314322233
-0.0003177999751642
0.0077783372253180
0.0164577774703503
0.0104446038603783
-0.0397150255739689
0.0042382068932056
0.0137982424348593
0.0127689214423299
0.0063805696554482
0.0121695091947913
-0.0002057029050775
-0.0001957621134352
0.0001142879191320
-0.0000852259254316
-0.0015039477730170
-0.0001398806489306
-0.0002236043219455
-0.0004738914722111
0.0002225172938779
0.0000407677543990
-0.0000270606615231
0.0000162018404808
0.0000022889698812
-0.0000819984270493
0.0001092958118534
-0.0001755531120580
-0.0000408452906413
-0.0000633155723335
-0.0000988680403680
-0.0001132173056249
-0.0002704261569306
0.0000403481681133
-0.0000385536695831
-0.0001472066505812
0.0001730443182169
-0.0000640632497380
-0.0000389789056499
-0.0000827627300168
0.0784419998526573
0.0003955051070079
-0.0001875424350146
-0.0002333890151931
0.0003365978191141
-0.0002391335729044
0.0000412699737353
-0.0002986930776387
0.0001310344814556
0.0000168295082403
-0.0001071076039807
0.0003632426960394
0.0003150296397507
0.0003276973729953
0.0000340970291290
0.0001346459030174
0.0000845446484163
0.0000671446759952
-0.0001407751406077
-0.0000079584169725
0.0001381972979289
-0.0000545063594473
0.0000450344923593
-0.0000947946537053
0.0000456829948234
-0.0000673469767207
0.0001156147627626
-0.0000539937827853
-0.0001144850757555
0.0000001686712494
-0.0000420200522058
-0.0000222145172302
0.0000028889335226
0.0000495645545016
-0.0012479458237067
-0.0003700582601596
0.0576998479664326
0.0544498488306999
-0.0004543972900137
-0.0000024864057195
0.0000615503522567
0.0251082964241505
-0.0007564256084152
0.0000299204548355
0.0000618138437858
-0.0000028371578082
-0.0002994186652359
-0.0000874873221619
-0.0000721111282473
-0.0002327667025384
-0.0000256586426985
-0.0001242117868969
0.0000179634589585
0.0002157919807360
-0.0002009343006648
0.0000363814469893
-0.0001576740032760
-0.0001635473890929
0.0001689439231995
0.0001034031884046
-0.0001634572836338
-0.0000597493781243
-0.0004340746090747
-0.0000819354463601
0.0000620599166723
0.0001274933019886
-0.0002157486451324
-0.0000576555830776
-0.0001119877269957
0.0001764916669345
