-0.6205630898475647
-0.6243963837623596
-0.7173884510993958
-0.3855883181095123
-0.4546681940555573
-0.7457972764968872
-0.8648352026939392
-1.0755186080932617
-0.6244721412658691
-0.5944008827209473
0.1202284321188927
-0.1068101599812508
0.2452397793531418
-0.0072941817343235
-0.1718383133411407
0.1876670569181442
0.3390497565269470
-0.2580614686012268
0.2136501222848892
0.1301953345537186
0.3327477574348450
0.0984466671943665
0.0494976937770844
-0.1064717173576355
0.2816449403762817
0.3061646521091461
-0.2094714790582657
0.3854724764823914
0.5922456979751587
0.4498972296714783
0.1904140412807465
0.3113131523132324
-0.0211022086441517
-0.1928208321332932
0.4878460764884949
0.0696676671504974
