-1.0676470994949341
0.0552547387778759
-0.2193126529455185
-0.3033057451248169
-0.2138320207595825
-0.2979111075401306
-0.9516414999961853
-0.2472011595964432
-0.4096742272377014
-0.6941766738891602
0.1848768442869186
0.3846830725669861
0.1249965950846672
0.3471774160861969
-0.1531457901000977
0.3191238939762115
0.3425755202770233
0.1296123117208481
-0.8916267752647400
0.3789213895797729
0.1141736134886742
-0.0164585337042809
0.1006583198904991
0.2052133083343506
-1.3249716758728027
0.0759055688977242
-1.6553217172622681
0.4620952308177948
0.1137209162116051
0.2285233139991760
-0.0910749509930611
0.2513265311717987
0.2502390742301941
0.1974530369043350
0.1847103536128998
0.0988198295235634
