-0.5590977668762207
0.6282284855842590
0.5035170316696167
0.6624847054481506
0.4649048447608948
0.4593884050846100
0.2433279454708099
0.2684224545955658
-1.6762664318084717
0.0961027890443802
-0.3610974252223969
-0.3863654136657715
-0.3727428913116455
-1.6858031749725342
-1.0139755010604858
-1.2961093187332153
-0.3846375048160553
-1.3871320486068726
0.1091838553547859
-0.3678094148635864
-1.2560157775878906
-1.3466198444366455
-0.6127932071685791
-0.3829030096530914
-1.4019017219543457
-1.6440654993057251
-1.7662004232406616
-1.7176027297973633
-0.9669499397277832
-0.3892509639263153
-1.4008927345275879
-1.7353295087814331
-1.6918561458587646
-1.3069076538085938
-1.3979270458221436
-1.7018320560455322
