0.0662564113736153
0.1290852278470993
0.2596400678157806
-0.0319737680256367
-0.0459860414266586
-0.2131980955600739
0.0568702444434166
-0.2888128459453583
0.1020259708166122
0.1807689070701599
-0.2827870249748230
0.2330882549285889
-0.1158908680081367
0.1963451951742172
0.1150258183479309
0.1204694956541061
-0.2562379539012909
-0.0353996232151985
-0.2128924876451492
0.0909245610237122
0.0759649723768234
0.1226785257458687
-0.2352518290281296
0.2445352077484131
-0.2699475884437561
-0.0528541021049023
-0.1414462625980377
-0.1526961475610733
-0.2965620756149292
-0.0816877558827400
-0.2424539625644684
-0.2089975625276566
-0.0130439484491944
-0.1518926471471786
-0.2393054366111755
-0.2495540082454681
-0.1579983383417130
0.1257600784301758
0.2015854120254517
-0.1738114655017853
0.2988897264003754
-0.0018664672970772
0.1842295378446579
0.0981946140527725
0.1098857372999191
-0.0599668957293034
0.0347535572946072
0.2790982723236084
0.0150291249155998
0.1536671668291092
0.1792100816965103
0.1433739513158798
-0.2107680439949036
0.1551935821771622
-0.1451326310634613
-0.2145712673664093
-0.1571692228317261
-0.1892592161893845
0.2421987354755402
0.1737496405839920
0.3173770606517792
0.1988498419523239
0.1912751942873001
0.0692651271820068
-0.0979226902127266
-0.1284609287977219
-0.2494241297245026
-0.0625447705388069
-0.3313713967800140
-0.0278149675577879
-0.0900347828865051
0.2298946976661682
