-0.0031983158551157
0.0263219624757767
-0.0876331552863121
0.0596269182860851
-0.2043187618255615
-0.0848627313971519
-0.0385989360511303
-0.1623635739088058
-0.0405841208994389
0.0211603008210659
-0.1433971226215363
0.0233260001987219
0.1284344792366028
0.1253006011247635
-0.0582448691129684
0.3493987917900085
-0.0109141888096929
-0.0171866565942764
-0.1013936623930931
0.0987741574645042
0.1185820400714874
-0.1805907189846039
-0.0838712826371193
0.1761387735605240
0.0506142303347588
0.0844258219003677
-0.0560096241533756
0.0242154654115438
0.0134749682620168
-0.0743730664253235
0.0245405472815037
-0.0193154327571392
-0.1458405703306198
0.0346353650093079
-0.0100009422749281
-0.0054761548526585
-0.2561860680580139
0.0232638660818338
-0.0013344481121749
0.1025306582450867
-0.0533015653491020
-0.0132080260664225
0.1768500506877899
0.0087570557370782
-0.2019731700420380
-0.1889693289995193
0.0022058722097427
-0.0390983447432518
-0.1304488927125931
-0.0180351976305246
0.1566166728734970
0.0667804852128029
-0.0326864048838615
0.2993127703666687
-0.0073049259372056
0.0006470569642261
-0.0032935538329184
-0.0401815846562386
-0.0363519303500652
-0.0560553781688213
-0.0509920157492161
0.0876244381070137
-0.0014794574817643
0.0911754667758942
-0.1778814941644669
-0.0942839905619621
-0.1738593578338623
-0.0193148497492075
0.1333034783601761
0.0957423597574234
0.0169939938932657
-0.0069531109184027
0.0378093533217907
0.1827775985002518
-0.1733383536338806
-0.1301681846380234
0.0507429279386997
0.2202675640583038
-0.0291257780045271
-0.0658838823437691
-0.1308655589818954
0.1258506923913956
-0.1502136141061783
-0.0374048948287964
-0.1116941869258881
-0.0379141010344028
-0.0040717655792832
0.1358137428760529
0.0165350809693336
-0.1164527460932732
-0.0735285952687263
-0.0549214966595173
-0.0277363471686840
0.0285755097866058
0.0888771265745163
0.0368760488927364
0.1004625707864761
0.1190212592482567
-0.0850993469357491
-0.0145023595541716
0.0444982238113880
0.0486649721860886
0.0357355102896690
0.1918206512928009
0.0012795038055629
-0.0225796774029732
-0.0943231210112572
0.0373430438339710
0.2091555297374725
0.0620862580835819
0.1385660022497177
0.1148517802357674
-0.0832251682877541
-0.1566820889711380
-0.1027653515338898
-0.0632382705807686
0.1292889267206192
0.0402546487748623
0.0744473114609718
-0.1133320033550262
-0.0865214467048645
0.0690725520253181
-0.0002308568800800
-0.0216920077800751
-0.0993281304836273
-0.2219628393650055
0.0429096184670925
0.0149528170004487
-0.1119799762964249
-0.0443418174982071
-0.1171542331576347
-0.0283804424107075
0.1425531059503555
-0.0192322209477425
-0.1187639907002449
0.0048238923773170
-0.0616106577217579
0.0591020397841930
0.0255521014332771
-0.1279505789279938
0.1276807188987732
-0.0364023372530937
-0.0275324732065201
-0.1792439818382263
0.0404402688145638
0.0725409835577011
0.0115627674385905
-0.2436034530401230
-0.1491353809833527
-0.1410472840070724
0.0083705699071288
0.1630811244249344
-0.0084126964211464
-0.1266396194696426
0.0728166624903679
0.0947423279285431
0.0213227234780788
-0.0042045898735523
-0.0674242824316025
-0.2312275469303131
-0.0518936067819595
-0.1831770092248917
-0.0626663193106651
-0.1581903100013733
-0.0252018198370934
0.1239854618906975
0.1462950706481934
-0.1657270044088364
-0.0323238223791122
-0.1481405645608902
-0.0133944069966674
0.0574531070888042
-0.2416434437036514
0.1810217797756195
-0.1298074126243591
0.1101468652486801
0.0562084689736366
-0.1118513345718384
-0.0403615087270737
-0.0983301922678947
-0.1384092718362808
0.0806592404842377
0.2194977700710297
0.0056057199835777
-0.0109423799440265
-0.0573899149894714
0.1235911771655083
-0.0073620923794806
0.0494312196969986
0.0496696755290031
-0.0846975594758987
-0.2476666420698166
-0.0166270695626736
0.1023909151554108
0.0122347036376595
-0.0624962113797665
0.1492244601249695
-0.3190807402133942
-0.0330926477909088
-0.2246759384870529
0.1360554397106171
-0.0306294448673725
0.0340984128415585
-0.1423279494047165
0.0890335813164711
-0.0419207885861397
0.2011866569519043
0.1058329120278358
0.1123669892549515
-0.1039910987019539
-0.1007816120982170
-0.1121245026588440
0.0066901789978147
-0.0273128710687160
0.0956776067614555
-0.0427291654050350
0.0183137394487858
0.1528213620185852
-0.1972730308771133
0.2033578604459763
-0.0182019583880901
-0.0014255862915888
0.0447894334793091
0.1111241281032562
0.1325170546770096
0.0919749885797501
-0.0951247364282608
0.1392568200826645
-0.0235630944371223
-0.1531343609094620
0.0806929692625999
0.0366105325520039
0.0896501690149307
-0.3023146688938141
-0.2394566982984543
0.0070115872658789
0.2967594563961029
0.1041491255164146
-0.3989458978176117
-0.0488802194595337
0.2808314263820648
-0.1377690285444260
0.0302392970770597
0.0100849391892552
0.0892470404505730
-0.0761690065264702
-0.1512636691331863
-0.1018009185791016
0.0267342943698168
-0.1027088686823845
-0.0587316304445267
-0.1841250956058502
0.1148785725235939
0.0667437463998795
0.0262571852654219
-0.0534925386309624
-0.1390832811594009
0.0108761750161648
-0.1653576940298080
0.2076203674077988
-0.2334898114204407
-0.0466312728822231
-0.1314610540866852
0.0807467103004456
-0.0701251402497292
-0.0118250772356987
0.0312721952795982
0.0940700173377991
-0.1462497711181641
-0.0636620149016380
-0.0786034017801285
0.0932935252785683
-0.1254677176475525
0.1308568865060806
0.2146260291337967
0.0301573760807514
-0.0234743542969227
-0.0891664475202560
-0.1024267747998238
-0.0337260626256466
-0.0160311311483383
-0.1849244832992554
-0.1162202358245850
0.1183234974741936
-0.0603679008781910
-0.0064234267920256
-0.0821865722537041
-0.0566513910889626
-0.2908787429332733
-0.3460377156734467
0.1864693462848663
0.1165978386998177
-0.1771267950534821
0.0552693307399750
-0.1148710846900940
-0.1486836373806000
0.0478606633841991
-0.1008381620049477
-0.0300260968506336
-0.1029200255870819
0.1091487482190132
-0.2488270699977875
0.2038988322019577
-0.0160782262682915
-0.1080001592636108
0.1679997593164444
0.1109620481729507
-0.0726565197110176
-0.0867739245295525
-0.1379976868629456
0.0317362062633038
-0.1607646793127060
-0.0334786325693130
-0.1563271582126617
-0.1428001523017883
0.1289897710084915
0.0936366170644760
0.0580445937812328
0.0658655986189842
0.0243423022329807
0.0463260300457478
-0.0708706229925156
-0.3226552605628967
-0.2264471650123596
-0.0043494501151145
0.0183861479163170
0.1425945609807968
-0.1640828102827072
0.0326684452593327
-0.0507221929728985
0.0521189905703068
-0.3086400926113129
-0.1535684019327164
-0.0804660990834236
-0.0513635165989399
-0.1923275589942932
0.1265949457883835
0.0029573624487966
-0.0205928534269333
0.0716010555624962
-0.1645615547895432
-0.1007343232631683
0.0490300245583057
0.0593310110270977
0.0491668581962585
0.1618422567844391
0.1171013265848160
0.0648081153631210
0.0851655751466751
0.0278640240430832
-0.0000052661198424
0.1094922646880150
0.2584262490272522
-0.3683894574642181
-0.1209555938839912
-0.1329186707735062
-0.1494596451520920
-0.1173823624849319
-0.0184631738811731
-0.0934804677963257
0.0890310779213905
0.1817194074392319
-0.2201025336980820
0.1159027963876724
-0.1518379151821136
-0.0062674162909389
-0.4176653325557709
-0.1518602520227432
-0.0306455921381712
0.0327296033501625
-0.1089037805795670
0.0409114696085453
-0.1567244380712509
0.0447502546012402
0.1700260341167450
-0.2323987782001495
0.0446920879185200
0.1521566510200500
0.1714650243520737
-0.1635951846837997
-0.1136745437979698
-0.2974324524402618
0.1563205569982529
0.1343727558851242
-0.1716471463441849
-0.1225350052118301
-0.0790909826755524
-0.0120070315897465
-0.1719190031290054
-0.0349607877433300
0.0464978851377964
-0.2209237515926361
0.2746185064315796
-0.1832376420497894
-0.1598579734563828
0.0360855609178543
-0.0237701069563627
-0.2000192999839783
-0.0626950860023499
-0.0835758224129677
-0.1963188946247101
0.0207410100847483
-0.0866222381591797
0.1113108322024345
0.0370564907789230
0.0630552768707275
0.1063966974616051
-0.1928728073835373
0.0721156001091003
-0.1046012341976166
0.0487110838294029
-0.1477307975292206
0.0940018892288208
-0.0694911256432533
-0.1561623215675354
-0.3206607103347778
-0.0242040622979403
-0.0240198187530041
-0.0334999933838844
0.0870135873556137
-0.1377745717763901
-0.1174987629055977
-0.1035283505916595
0.1444739848375320
0.0599715858697891
0.0976026505231857
-0.1420909762382507
0.0190729070454836
-0.0924354940652847
0.0811810567975044
0.0791504010558128
0.0760435238480568
-0.0770716145634651
-0.1485464870929718
0.1419918239116669
-0.1444036811590195
-0.0948333740234375
0.0764861181378365
-0.1685859858989716
0.1100585535168648
0.0434069149196148
-0.0065914052538574
0.0041901296935976
-0.1776937991380692
-0.1324790865182877
0.1454749405384064
-0.0276963841170073
-0.1503297537565231
0.0626833662390709
-0.2072459906339645
-0.0348500460386276
-0.0821431279182434
0.0191397462040186
-0.0145136527717113
0.1161525249481201
-0.0160583034157753
-0.2020902037620544
0.0021312616299838
-0.0469988957047462
0.1312243193387985
-0.0672154724597931
-0.2422756254673004
-0.0316252447664738
-0.0169882513582706
-0.1989269107580185
-0.0116227408871055
-0.1165223568677902
0.0309027396142483
-0.1655099540948868
-0.0498258806765079
-0.0611141175031662
-0.1274684816598892
-0.1545382589101791
-0.1276505440473557
-0.0960744693875313
0.1830776482820511
-0.1103138849139214
-0.2738818824291229
0.0985648408532143
0.0309824254363775
0.0533568002283573
-0.0392012782394886
0.1756676733493805
-0.2058763355016708
-0.1176319718360901
-0.1361418515443802
-0.1168218255043030
0.0340680629014969
0.1022002026438713
0.0311628878116608
0.0378826484084129
0.2273905575275421
-0.1216094195842743
-0.0898398086428642
-0.1580026596784592
0.0902361571788788
-0.1753495633602142
-0.3919794261455536
-0.0878551453351974
0.0100231431424618
0.0112027311697602
-0.0112674282863736
0.0678685307502747
-0.2068627476692200
-0.0510402917861938
0.0183949004858732
0.0867706537246704
-0.0387972816824913
0.1696539968252182
0.0725749656558037
-0.1190245002508163
-0.1942841112613678
-0.1051918193697929
0.0058662947267294
-0.0687494501471519
-0.1099374741315842
0.1192638948559761
0.0149432029575109
-0.2428645789623260
-0.2992182075977325
0.2083172947168350
-0.2017299085855484
-0.1045481115579605
-0.1603348255157471
0.0176905188709497
-0.1447871774435043
-0.0191163141280413
-0.0827801004052162
-0.1416701227426529
-0.0617676936089993
-0.1199481114745140
0.0824145376682281
-0.1740933209657669
0.0077661029063165
-0.1175032183527946
-0.0910200998187065
0.1810829788446426
-0.0165849197655916
-0.0991329848766327
-0.0996556282043457
-0.1016331687569618
-0.1012059524655342
0.1056059226393700
0.0157760288566351
-0.1068839356303215
-0.1677201688289642
0.0339570604264736
-0.0833669081330299
0.0352990329265594
-0.0911415964365005
0.0928564965724945
0.2002933472394943
-0.0533051081001759
0.0741611570119858
-0.2125612646341324
0.1499778628349304
0.0260022524744272
0.0010245953453705
0.0471383109688759
0.1149267926812172
0.0170065108686686
-0.1079518571496010
-0.1270771473646164
-0.0248418021947145
0.0739787444472313
0.2459801137447357
0.0619741342961788
0.0957807302474976
-0.0812057778239250
-0.0118327364325523
-0.0598932318389416
-0.1405732482671738
0.0995487570762634
-0.1113587096333504
-0.1968537271022797
-0.1343374401330948
0.1583773940801620
-0.2142287790775299
-0.2184679806232452
0.1166657879948616
0.1388041973114014
-0.2058783769607544
0.3201884925365448
-0.2752411067485809
-0.0007330776425079
0.0590714365243912
0.1036130040884018
0.0758611634373665
-0.1270433217287064
0.0138893760740757
-0.1638163328170776
0.0308796614408493
-0.1272389292716980
-0.1164385527372360
0.1122118756175041
-0.1176877841353416
-0.1154904887080193
-0.1871781796216965
-0.0247271694242954
0.0413777269423008
-0.0028851500246674
0.0526365488767624
0.1666618883609772
-0.0172278992831707
-0.0261721778661013
0.0060245087370276
-0.1603667140007019
-0.0986631959676743
0.2838615775108337
-0.0152117954567075
-0.0033849191386253
0.0415936633944511
-0.0523439012467861
-0.0194966457784176
-0.0767643004655838
-0.1424551904201508
-0.0168149843811989
-0.2707794904708862
-0.0281492844223976
-0.5746877789497375
0.1508591920137405
0.2962808609008789
0.0761747956275940
0.1419336348772049
0.0142439771443605
-0.0362380407750607
-0.1675722151994705
-0.1265759319067001
-0.2487667351961136
-0.2862757146358490
-0.1758652329444885
-0.2637256979942322
-0.0992645174264908
-0.0174428783357143
-0.1611872911453247
-0.2073530405759811
-0.2130451947450638
-0.1887490898370743
-0.0509463958442211
0.0034072026610374
-0.1018979921936989
-0.0691772699356079
0.1441587954759598
0.0339710824191570
-0.1078624650835991
-0.0883746296167374
-0.0862082690000534
-0.0048403856344521
-0.0945169031620026
0.0064752637408674
-0.1366305053234100
-0.0041857780888677
-0.1599013954401016
-0.2896990478038788
-0.1433847397565842
-0.1351084560155869
-0.1357961446046829
-0.1215946227312088
-0.0306017678231001
-0.1723460108041763
-0.0439800582826138
0.0140326935797930
0.0373401604592800
-0.0615201927721500
-0.1209516599774361
-0.0426947213709354
-0.0132767707109451
-0.1153922230005264
0.0270507857203484
0.0009182805661112
0.0749330520629883
-0.1309420019388199
-0.1016833186149597
-0.4356867372989655
0.0293620210140944
0.0491564609110355
-0.0443968959152699
0.0024528480134904
-0.3618205487728119
0.0543647333979607
-0.1255811601877213
0.0411597341299057
0.0410412475466728
0.1273639649152756
0.1908744871616364
-0.2031855732202530
0.0167093910276890
-0.0358272157609463
-0.0550426244735718
0.0576912164688110
-0.0671090036630630
0.0449343100190163
-0.0569856315851212
-0.0467952825129032
-0.1090747937560081
0.0525105074048042
0.0745331719517708
-0.0855207815766335
-0.0978480651974678
0.1929202675819397
-0.0176947358995676
0.0916354730725288
0.1219481080770493
-0.0660115256905556
0.0753123313188553
-0.0839772894978523
-0.1161601394414902
-0.3021804392337799
-0.0506696142256260
-0.1776578575372696
-0.0350598916411400
0.0303659029304981
0.1739052832126617
-0.0911333411931992
-0.2001697570085526
-0.1742343157529831
0.0379512161016464
0.0643691569566727
-0.1839776784181595
-0.0026201740838587
-0.0632240623235703
-0.1985461115837097
-0.0720678418874741
-0.0129604060202837
0.0633422434329987
-0.0790355950593948
-0.0611163452267647
-0.1622171849012375
-0.0863955467939377
0.1634349524974823
-0.0952371060848236
0.0467035658657551
-0.0419399589300156
-0.0224259290844202
0.0055715776979923
-0.1651236712932587
0.2463174909353256
0.2047251760959625
0.3457692861557007
-0.0816554278135300
0.1181254312396049
-0.0631027966737747
-0.2337325960397720
-0.3152732551097870
0.0596274025738239
0.0087378295138478
-0.2004836052656174
0.0657991617918015
-0.3010390400886536
0.0630594566464424
-0.1901677250862122
0.0594961792230606
-0.0414794944226742
-0.0478013344109058
-0.0094008827582002
-0.2364303469657898
0.1929743587970734
-0.0614405348896980
0.2192627489566803
-0.0503193400800228
0.0722345188260078
-0.0185114499181509
0.0675372406840324
0.0936254858970642
-0.3133048713207245
-0.1737643629312515
0.0008341727079824
-0.1438191235065460
0.1391807794570923
-0.0266045611351728
0.0025951939169317
-0.0029455104377121
-0.0037716326769441
0.0715750679373741
0.0023894985206425
-0.0225067250430584
-0.1752225309610367
-0.0327542312443256
-0.1129178702831268
-0.1149628609418869
0.0029039797373116
-0.1864566802978516
-0.2221841514110565
-0.0972027033567429
0.0397621504962444
-0.0098943281918764
-0.1578606218099594
-0.1320169717073441
0.1058951988816261
-0.0907485038042068
0.1103209257125854
-0.2154311686754227
-0.1414516717195511
-0.1866844594478607
-0.0016236319206655
-0.1467235982418060
-0.0469366759061813
-0.0299723688513041
0.0003215387114324
0.1406788229942322
0.1159157678484917
0.0849752426147461
0.0617440156638622
-0.0728544294834137
0.2545589804649353
0.0278773196041584
-0.0470996536314487
-0.0869589522480965
-0.1276886016130447
0.0995235443115234
-0.0192459896206856
-0.0526701323688030
-0.0134864235296845
0.1633774191141129
0.1459038108587265
-0.1308636665344238
-0.1216309890151024
-0.0598161444067955
-0.0122018605470657
0.1196415200829506
-0.0620707459747791
0.1214822232723236
-0.1936005949974060
-0.0778396800160408
0.0442508906126022
-0.1530897468328476
0.0105452863499522
-0.0479872636497021
-0.1688207387924194
0.0405399128794670
0.0372311472892761
-0.1102612987160683
0.0092514473944902
0.0911758840084076
0.1044229194521904
-0.0756877064704895
-0.0898006781935692
0.1295616179704666
0.0642544105648994
-0.0498733855783939
0.0389149971306324
-0.0205264780670404
0.0846502780914307
0.0274938698858023
0.1538253873586655
-0.0356702506542206
-0.0741461142897606
0.1209391057491302
-0.0818571075797081
-0.0805012062191963
0.1572051197290421
-0.0981527566909790
0.0566616095602512
0.0306989345699549
-0.1288170665502548
0.2489867061376572
0.3192901909351349
-0.0914623439311981
0.0715133547782898
-0.0023214030079544
-0.4153147637844086
-0.2116210907697678
0.0052450872026384
-0.0518503449857235
0.0176920518279076
-0.0179241411387920
0.0204667635262012
0.0788951963186264
0.1121675595641136
-0.0507215708494186
-0.1151554286479950
-0.1848155707120895
0.2564471662044525
0.1476973146200180
0.0335670821368694
0.0149378972128034
0.0532471574842930
0.3543024659156799
0.1237259134650230
-0.0869201123714447
0.0499048382043839
-0.2720714211463928
0.0403040982782841
0.0583101287484169
-0.0546270497143269
-0.0314810797572136
-0.1605216115713120
-0.0462764389812946
0.0686329901218414
-0.0210632104426622
-0.0096813077107072
0.1621013879776001
0.0132130458950996
-0.0800058320164680
0.1376365423202515
-0.0492322705686092
-0.1227361857891083
0.0411138162016869
-0.1062623336911201
0.2107916772365570
-0.1719573140144348
-0.1007246375083923
-0.2975019812583923
0.0371264629065990
0.1629547327756882
-0.1880284696817398
-0.1352934539318085
-0.0785248354077339
-0.0639776960015297
-0.1076538860797882
0.0497761182487011
-0.0276092495769262
-0.1562817692756653
0.1406017094850540
0.1571945846080780
0.0623034797608852
0.0890795215964317
0.1046858206391335
0.0667033717036247
-0.1280148327350616
0.0282890200614929
-0.2767055630683899
-0.1751304417848587
-0.0979458913207054
-0.1092123389244080
0.0002531685750000
0.2182219475507736
-0.1320320218801498
-0.1776912361383438
0.1677627265453339
0.0434467419981956
0.0522284992039204
0.1393472254276276
0.0558907873928547
0.0748542398214340
0.1208185181021690
-0.0659008622169495
-0.0958449542522430
0.1807820200920105
0.0004592527402565
0.1350395977497101
-0.2221252620220184
-0.1097188964486122
0.0686039775609970
0.0981090143322945
-0.0164293907582760
-0.1696967780590057
-0.0176831558346748
-0.0518806204199791
0.0585503093898296
-0.2109675854444504
0.0179154016077518
0.1048041731119156
-0.0732637941837311
0.2342890202999115
0.2234270870685577
0.1051695570349693
0.1026473790407181
-0.1122958883643150
-0.0771222263574600
-0.3147642016410828
0.1259784698486328
0.0079173250123858
-0.0063692461699247
-0.0211871955543756
-0.0257722381502390
-0.0041742683388293
-0.1734296083450317
-0.2923538386821747
0.1344332247972488
0.0457536652684212
0.0349323339760303
0.1079134270548820
0.0462927930057049
0.0762829631567001
-0.0024959652218968
0.1904240846633911
-0.0141339497640729
0.0995172783732414
0.0187304709106684
-0.1469080746173859
-0.0146857071667910
-0.0409633405506611
0.0951169654726982
-0.1336927413940430
0.0356063321232796
-0.0839151963591576
0.0756462290883064
-0.2368564456701279
-0.2316401302814484
-0.2340460568666458
-0.0547012388706207
-0.1081875935196877
-0.1952493041753769
-0.3250332474708557
0.0507795959711075
-0.1238487064838409
-0.0541240796446800
-0.1491888910531998
0.2017444223165512
0.2150719016790390
0.1159270703792572
-0.0720636472105980
0.0026199806015939
-0.0967905744910240
-0.2639433443546295
-0.1400384306907654
-0.1327289491891861
0.0997507125139236
-0.0394994579255581
-0.1783746182918549
-0.1955944895744324
-0.1205007806420326
0.0194495096802711
0.0440092347562313
-0.0466325134038925
-0.0180609934031963
-0.0267668552696705
-0.0720715373754501
0.0904046446084976
0.0248587578535080
0.0070945499464869
-0.0510075986385345
0.1445532888174057
-0.2035237550735474
-0.2324088513851166
-0.0941203609108925
-0.0814520940184593
-0.0578801259398460
-0.0172105766832829
-0.3397219479084015
-0.0824689269065857
0.3898740410804749
-0.0790195539593697
0.1407910883426666
-0.2017251402139664
0.1755084842443466
-0.0673031136393547
-0.3128574788570404
-0.0655711591243744
0.0285005439072847
0.0896007865667343
-0.0981889143586159
0.0852103307843208
-0.0890817940235138
-0.0650490224361420
-0.0792757123708725
0.1473727375268936
0.1272998452186584
-0.0873027294874191
0.1427522450685501
0.0228638835251331
0.0251545831561089
0.0267756041139364
-0.1572170257568359
-0.0593436621129513
-0.1460077762603760
-0.1656575351953506
0.0277685672044754
-0.0898654237389565
-0.0068196714855731
0.0021844133734703
0.2693058252334595
0.0021800124086440
-0.0645777061581612
-0.1236800923943520
-0.1238257959485054
0.0850264430046082
-0.1017882823944092
0.0237055160105228
-0.1877605170011520
-0.1001167446374893
-0.0362198576331139
0.0158162005245686
-0.0163366328924894
0.0557714924216270
0.2582377195358276
0.0516151934862137
0.2540353536605835
-0.0835003256797791
0.0530635304749012
-0.1333196461200714
0.0597116649150848
0.1102529540657997
0.0013887410750613
0.1561265289783478
-0.0150551591068506
-0.0441675856709480
0.3889194130897522
0.0550416707992554
-0.0580136440694332
-0.1961222440004349
-0.0754746571183205
-0.0564204640686512
-0.2599339187145233
-0.1415384858846664
0.0847753807902336
-0.1289565712213516
0.2175187319517136
-0.0072649284265935
-0.0901285484433174
0.1351392120122910
0.0315323583781719
-0.3359852731227875
-0.1575346440076828
-0.0672767758369446
0.0381798297166824
-0.0386330187320709
-0.3627344965934753
0.0253608543425798
0.0350491516292095
-0.1226903572678566
-0.0881412923336029
-0.1619251370429993
0.0220665950328112
0.0275009404867887
0.0872473269701004
-0.1771701276302338
-0.0792353451251984
0.1237228587269783
0.1126528903841972
-0.2922140657901764
-0.1743933409452438
0.1018359512090683
0.0174905080348253
-0.1565518975257874
-0.2434752434492111
-0.1146158948540688
0.0139589682221413
-0.0476960800588131
0.0680689364671707
0.0033634186256677
-0.3570738732814789
-0.0006928125512786
0.1660489141941071
-0.2203600853681564
-0.0124036511406302
-0.1291039884090424
0.0303875822573900
-0.0533503703773022
0.0945003852248192
0.0989771112799644
-0.2064093649387360
0.0782302767038345
-0.2259469181299210
-0.2073470056056976
-0.1345412433147430
-0.2861982583999634
-0.2038404941558838
-0.2538766562938690
-0.1091611981391907
0.0310672000050545
