-0.0372702330350876
-0.0124496538192034
-0.0433389134705067
-0.0130177401006222
0.0200382117182016
0.1126614883542061
0.0027949751820415
-0.0045253052376211
-0.0314070433378220
-0.0067401737906039
0.0004193439672235
-0.0147874429821968
-0.0844803750514984
0.0025873235426843
0.0832574963569641
-0.0073881438001990
0.0786785706877708
0.0547995120286942
-0.0246463119983673
-0.0227647833526134
0.0090745296329260
0.0260466802865267
0.0504853948950768
0.0837481915950775
-0.0015185119118541
-0.0155253699049354
-0.0354709997773170
0.0177108440548182
-0.0440353155136108
-0.0121351517736912
0.0798894390463829
0.0838607028126717
