-0.0311838407069445
-0.0253172591328621
-0.0170142184942961
-0.0298842880874872
-0.0146702947095037
-0.0209045615047216
-0.0642921254038811
-0.0223128758370876
-0.0258493758738041
-0.0190392378717661
-0.0062156808562577
0.0244793500751257
-0.0291701108217239
-0.0363410674035549
0.0931227803230286
-0.0383503399789333
-0.0739299431443214
-0.0347992330789566
-0.0196326281875372
0.0016055552987382
-0.0203521680086851
0.0226025562733412
-0.0338524095714092
-0.0287713352590799
-0.0682254135608673
-0.0365153178572655
0.0189739186316729
-0.0536876581609249
-0.0306392144411802
-0.0793822258710861
-0.0298856776207685
-0.0350266695022583
