-0.0028892233967781
-0.0336257219314575
-0.0675244480371475
0.0121599398553371
0.0614149905741215
-0.0822112187743187
0.0290115810930729
-0.0508406460285187
0.0658496171236038
-0.0217916741967201
-0.0431020781397820
-0.0810191035270691
-0.0500130914151669
-0.0213044267147779
-0.0265818275511265
-0.0302263144403696
-0.0279280953109264
-0.0776066035032272
-0.0098529160022736
-0.0026054992340505
0.0013013598509133
-0.0912609174847603
0.1191974207758904
0.0541743226349354
-0.0305225532501936
-0.0787203609943390
-0.0357348285615444
-0.0530825704336166
-0.0072641954757273
0.0187346469610929
-0.0798536539077759
-0.0410371273756027
