-0.0001643356372369
0.0002447791921441
-0.0000767058882047
-0.0000391141802538
0.0743462368845940
-0.0019714594818652
-0.0007682394934818
-0.0005924857105128
0.0001940766378539
-0.0000504966737935
-0.0001900793722598
-0.0008576480904594
-0.0002371723676333
-0.0000413993402617
-0.0000434408211731
-0.0002551832003519
-0.0000856846745592
-0.0000647767665214
0.0000421307886427
-0.0004563904076349
-0.0002799238136504
-0.0000415766189690
0.0004787709331140
0.0000344359505107
0.0000482976392959
0.0000043300096877
-0.0004025085945614
0.0000494773812534
-0.0000082610640675
0.0001436302554794
0.0000651545997243
0.0000862347005750
-0.0000786066448200
0.0001777225115802
-0.0001087589407689
-0.0001342146715615
0.0001879009651020
0.0001749073853716
-0.0000272164907074
0.0004880714695901
0.0022744657471776
0.0000967302039498
0.0001471910800319
-0.0001491713192081
0.0001115573686548
0.0000377208780264
0.0000671946472721
-0.0000519852183061
0.0002438017545501
0.0001788577355910
-0.0000498985464219
-0.0002690971014090
0.0000073607443483
-0.0001590444007888
-0.0000485861382913
-0.0000869856594363
-0.0000923450643313
0.0001698348787613
0.0000293885768770
-0.0000360754274880
-0.0000643515959382
0.0000569104158785
0.0000293682533083
-0.0003022628952749
0.0001232766662724
-0.0001558431831654
0.0001088024873752
0.0001015285815811
-0.0000429835490650
-0.0002040474064415
0.0001431861601304
0.0000097003357951
0.0001006271631923
-0.0000176814501174
0.0001418067840859
-0.0015289908042178
0.0618909746408463
-0.0006895373808220
-0.0001030964922393
0.0003169028786942
-0.0000448107311968
0.0001271952642128
-0.0001023903241730
0.0003127462696284
-0.0000043561303755
0.0000109679749585
-0.0001499387872173
0.0001605133729754
0.0001267606858164
-0.0001591190666659
-0.0000911810639082
-0.0001784796768334
0.0001357378496323
-0.0000906335553736
-0.0002230215613963
-0.0001594455097802
0.0000259339140030
0.0002171011583414
-0.0002152803936042
-0.0000686631829012
0.0003167485119775
0.0001173234995804
-0.0001664340088610
0.0000463098403998
0.0001578423398314
-0.0002498153771739
-0.0000739858805900
-0.0001988592557609
0.0003044970799237
-0.0000752367923269
-0.0004593285557348
0.0256019104272127
-0.0005720439949073
0.0033627436496317
-0.0012709656730294
-0.0009496855782345
-0.0000389261404052
0.0002056973171420
-0.0002567860647105
-0.0001282247249037
-0.0007302931044251
0.0002732663415372
-0.0001822342310334
-0.0004031138087157
0.0004663194704335
0.0001814952556742
-0.0001526397390990
0.0001378209417453
-0.0000428863422712
-0.0002247872034786
-0.0000293882185360
0.0002799853391480
0.0000415993708884
-0.0001529661094537
-0.0000342993735103
0.0000504062409163
0.0001331808598479
-0.0001386588119203
0.0000375910494768
0.0001195762015413
0.0000789332698332
-0.0000462245006929
-0.0000896202182048
-0.0000546302180737
-0.0004151588073000
-0.0000611072609900
-0.0002355339092901
0.0003882931196131
-0.0003253933391534
0.0768452882766724
-0.0017097549280152
-0.0003566001250874
-0.0000499976777064
-0.0000420774958911
0.0001515941403341
-0.0001276407419937
-0.0002292293647770
-0.0001783499901649
-0.0000511368489242
-0.0001115694758482
-0.0001476926845498
0.0001133647529059
0.0000914597258088
0.0001882329524960
0.0001152322074631
-0.0001658238179516
-0.0001800176978577
-0.0001485990360379
0.0000685314953444
0.0000050943999668
-0.0000038168946048
-0.0001530667941552
0.0000551445555175
0.0001798297453206
0.0001764563203324
0.0000028468930395
0.0001130550444941
0.0001397076121066
-0.0000001721782610
0.0000724512356101
0.0000404314232583
0.0270076729357243
-0.0000211044534808
0.0211056657135487
0.0156133268028498
0.0265917424112558
-0.0004202840209473
-0.0004024954687338
-0.0001580462412676
-0.0001478348276578
0.0003107754455414
0.0000137892347993
-0.0001748602953739
0.0002211943501607
0.0001129872180172
-0.0001049637285178
-0.0000443070312031
0.0000750500330469
-0.0001663124712650
0.0000102763660834
-0.0001641580893192
-0.0000432327360613
-0.0000645015315968
0.0000072206967161
0.0001319192670053
-0.0004438525647856
0.0000875514888321
-0.0000037441932363
-0.0000175569657586
-0.0001786847133189
0.0000138392642839
0.0000143450015457
-0.0001168163435068
0.0001379771856591
0.0002593931567390
-0.0001053344021784
-0.0002686414227355
0.0000154679037223
-0.0000564122601645
-0.0013157662469894
0.0002478324458934
0.0713080391287804
-0.0003393113438506
0.0000038735415728
0.0001533262402518
-0.0000207730627153
-0.0000197812660190
0.0000209005665965
-0.0000334521682817
0.0001386352087138
0.0000406234794355
0.0000311689946102
-0.0002258077147417
-0.0003128256066702
-0.0001421608612873
0.0001368891826132
0.0000413554225815
-0.0000296593752864
0.0003263983817305
0.0000662185484543
0.0001528449793113
-0.0001531538728159
-0.0000746533260099
-0.0000208283454413
0.0000295674362860
0.0000135261798277
-0.0000738612943678
0.0000414358291891
0.0002292026911164
0.0000495505810250
0.0000667002314003
-0.0001542926765978
-0.0000400847420678
0.0002777698100545
-0.0002574436075520
0.0494021028280258
0.0002300965425093
-0.0001705416361801
0.0000468156249553
-0.0009658393682912
-0.0000005109905032
0.0000920620659599
0.0001588162122061
-0.0002159984724130
0.0001862486678874
-0.0000902512038010
0.0001941338705365
-0.0001445096859243
-0.0002051217452390
-0.0000310918367177
0.0000357988028554
0.0003381692513358
0.0002125634637196
0.0000816793108243
0.0003289695014246
-0.0003000817669090
0.0000336116354447
0.0000404976599384
-0.0000354969015461
-0.0002275111910421
-0.0001134775666287
-0.0000188971171156
0.0000908293513930
-0.0000460245064460
-0.0000360071826435
-0.0000433389868704
0.0000028986287361
-0.0000548364732822
0.0000553966747248
-0.0001203719002660
0.0000064974447014
-0.0016150806332007
-0.0003742644621525
0.0005628090584651
-0.0000567471797694
0.0354943275451660
0.0000769586331444
0.0000741751864552
0.0000186745637620
-0.0001324812183157
0.0001874265290098
-0.0001450183481211
-0.0001891829015221
0.0000418444833485
0.0001877570466604
0.0001363321061945
-0.0001649032783462
0.0004799464368261
-0.0000850433279993
-0.0002763748052530
-0.0002026090514846
-0.0000799776898930
0.0000513111554028
0.0000838548439788
-0.0001776244171197
0.0000844268361107
-0.0001447563554393
-0.0001948723511305
-0.0000269040901912
-0.0001904420787469
-0.0000514840030519
-0.0000088980305009
0.0000459787697764
-0.0000847090923344
-0.0016833649715409
-0.0023893378674984
-0.0004923922242597
-0.0555962920188904
0.0041968128643930
0.0003236777265556
0.0035507725551724
0.0018456648103893
-0.0001065785472747
-0.0026771181728691
0.0047084754332900
0.0000671414672979
0.0015762558905408
-0.0000159178453032
-0.0002854984777514
-0.0000627614062978
0.0027871092315763
0.0000005806450645
-0.0013978151837364
0.0028312779031694
0.0000531858968316
0.0000408803025493
0.0017193560488522
0.0028762607835233
0.0001180157269118
0.0000414940659539
0.0001796210126486
0.0001336272980552
-0.0012061042943969
0.0010234281653538
-0.0000793703729869
0.0000453739994555
0.0001103942850023
0.0001069808349712
-0.0001696292019915
-0.0003503628831822
0.0003183331573382
0.0002049965696642
-0.0000539266766282
-0.0002198425936513
-0.0005341532523744
0.0774419605731964
0.0001770780800143
0.0000802346548880
0.0000292417862511
0.0000660323275952
-0.0000729353632778
0.0000566308226553
0.0001129304873757
-0.0000418171912315
0.0002079492114717
0.0001014089357341
0.0001028111655614
-0.0001361649192404
0.0000085727697297
-0.0000683361868141
-0.0000860057189129
0.0000875630503288
-0.0000916712015169
-0.0000548699026695
-0.0001475916360505
-0.0000141342461575
-0.0002612322568893
-0.0000800367270131
0.0001155965874204
0.0001623698044568
-0.0000403710000683
0.0001002823191811
0.0001641831622692
0.0000816615720396
0.0001742970634950
-0.0001036174362525
-0.0000732697153580
0.0001884157536551
0.0020437301136553
0.0173969361931086
0.0002169924555346
0.0020733717828989
-0.0001483151427237
-0.0001675945823081
0.0001874650770333
0.0000912489849725
-0.0001084243631340
-0.0000859167994349
-0.0002105668245349
-0.0000309328752337
0.0001280002325075
-0.0001112831523642
0.0002274491853314
-0.0000589485207456
0.0001368127705064
-0.0000452291715192
0.0000488127043354
0.0000468086909677
0.0001747143687680
-0.0000897733552847
0.0001129194060923
0.0000170800958585
0.0002365990803810
-0.0000048338333727
-0.0000732469634386
0.0000991502456600
-0.0000277473009191
0.0003764784196392
0.0001074046376743
0.0001677748223301
-0.0000664151011733
-0.0001254972739844
0.0002141236036550
-0.0001338617003057
0.0001019362462102
0.0005461500259116
-0.0001549707667436
0.0008953850483522
0.0323053672909737
0.0001206226006616
-0.0000961012410698
-0.0002039838145720
0.0003783479915000
-0.0000376804237021
0.0000705177881173
0.0001396960433340
-0.0001845981314545
0.0003972995909862
0.0002326812682441
0.0000133541252580
-0.0001656815729802
0.0001688886259217
0.0000092123118520
0.0000236728701566
0.0000539178363397
0.0001124018162955
-0.0000989227701211
0.0000837820625748
0.0000336726370733
-0.0001015447996906
-0.0001307066413574
0.0000777056993684
-0.0002179508155677
0.0000826477044029
0.0001359227171633
0.0002125182945747
0.0000246783674811
0.0001109530276153
0.0000302976986859
0.0001711998193059
0.0300969053059816
0.0002283729263581
0.0005419733352028
-0.0007909832056612
0.0000056846520238
-0.0001322266907664
-0.0002211020182585
0.0001794376294129
-0.0000990477128653
-0.0000720087045920
-0.0000004954563337
0.0000464218901470
-0.0000734694040148
-0.0002320317435078
0.0000746633595554
-0.0000873208773555
-0.0001385576615576
0.0001764637127053
0.0000396101386286
0.0001873282890301
-0.0000628210036666
-0.0000471351231681
0.0000497032015119
-0.0001025382225635
0.0001204840009450
0.0001445163798053
0.0000632856172160
-0.0002147099003196
-0.0000362691644114
-0.0000749223254388
0.0002615716657601
0.0000097817173810
-0.0000089942623163
-0.0002227044897154
-0.0001383317867294
0.0001421093475074
-0.0005029992898926
0.0297023821622133
0.0434344969689846
0.0338643044233322
-0.0010736862896010
-0.0008061911212280
-0.0000083336490206
0.0000036336205085
0.0003714134218171
0.0000424829413532
-0.0000572192948312
-0.0001676262181718
-0.0000171862066054
0.0002288340183441
-0.0001379636669299
0.0001709483185550
-0.0000603190674155
-0.0000243959602813
-0.0002583983587101
0.0000371637906937
0.0007856084848754
0.0000848829004099
0.0002114360977430
-0.0000822153815534
-0.0000453872853541
-0.0002270213299198
0.0001090389851015
0.0001332164974883
-0.0000736685178708
-0.0000908518704819
-0.0000958193413680
-0.0001685803144937
0.0000960249526543
0.0001940808724612
-0.0002077223616652
0.0003736163489521
0.0007425652584061
-0.0003842789446935
0.0009072134853341
-0.0004768984217662
-0.0010552651947364
0.0000197393528651
0.0002176463167416
0.0043547921814024
-0.0000519197055837
0.0001580969401402
-0.0001773512631189
0.0001041749637807
-0.0000503515620949
-0.0000346293963958
0.0001020762938424
-0.0001421467168257
-0.0003820589918178
0.0001610160688870
0.0000745816796552
0.0000921972823562
0.0001099057262763
0.0000266411807388
0.0001427496899851
-0.0000878857390489
0.0001221037673531
0.0000143142387969
0.0000935087882681
0.0002015926875174
-0.0000828816555440
0.0002735594462138
0.0001576204667799
-0.0002917202655226
-0.0004842942580581
-0.0003005036269315
-0.0000691881577950
0.0002574497484602
0.0000163979966601
0.0523986406624317
-0.0019797554705292
0.0483200848102570
-0.0010377282742411
-0.0004428162064869
0.0000034542208596
0.0002056116936728
0.0000927475339267
-0.0000539790489711
0.0001350592356175
0.0000538231906830
0.0001395945873810
-0.0000289916933980
0.0001209710899275
0.0000598098267801
-0.0002676903386600
-0.0003506495850161
-0.0002075313532259
0.0003076215798501
0.0000071664690040
-0.0000017485472199
-0.0000384697705158
-0.0000499089655932
0.0001426911039744
-0.0001893991284305
0.0000269549200311
0.0001343128678855
-0.0000587045069551
0.0001913794258144
0.0000509961064381
-0.0001865197700681
0.0000767487945268
-0.0000148038088810
0.0000419967691414
-0.0025313911028206
-0.0000177339934453
0.0309868324548006
-0.0048794266767800
0.0312657803297043
-0.0009120806353167
0.0453212708234787
0.0003182440123055
-0.0000878722275957
0.0000720316602383
-0.0001101443631342
-0.0009055044502020
-0.0001327116624452
-0.0000566521848668
0.0000902098909137
-0.0000697121577105
0.0001862762728706
-0.0000888032736839
0.0002615389239509
-0.0000536711086170
-0.0000539850880159
0.0001186746740132
-0.0000364735533367
0.0001336374552920
-0.0001341430179309
-0.0000461286690552
0.0001379287423333
-0.0000390162531403
0.0000813966180431
-0.0000362208083970
-0.0000597198086325
0.0001268774212804
-0.0003740729298443
0.0000268716503342
-0.0000340475635312
-0.0001994519116124
0.0078144269064069
0.0006416516262107
-0.0014884662814438
0.0113489059731364
-0.0371932573616505
0.0180509109050035
0.0066969743929803
0.0001606772857485
0.0000233517785091
0.0003620702191256
-0.0002409135777270
-0.0000655977710267
-0.0003336265799589
0.0000954869319685
0.0000522764312336
0.0022986473049968
-0.0001184651700896
0.0003711226163432
0.0016069471603259
-0.0000891315357876
0.0000961711702985
-0.0004677730030380
-0.0000803486618679
0.0001374080311507
-0.0001460472994950
-0.0002626720815897
-0.0000344632571796
-0.0000704609337845
-0.0002155537076760
0.0000797327738837
-0.0000550326258235
0.0001617077505216
0.0000512474289280
-0.0000201539296540
-0.0001142011751654
-0.0001188855385408
0.0000701254321029
-0.0001032748405123
-0.0002865451097023
-0.0004606196889654
0.0006076135323383
0.0002311142743565
0.0309403557330370
0.0000416157636209
-0.0002964294981211
-0.0003779018879868
0.0001344529155176
-0.0001888645492727
0.0001160945830634
-0.0001353377883788
0.0000766425946495
-0.0003757198574021
0.0000050317321438
0.0000664597973810
0.0005117563996464
-0.0000817608961370
0.0000163769400388
0.0001803714549169
-0.0000735993817216
0.0002867114671972
-0.0001445815578336
-0.0002485030272510
0.0001426794769941
0.0002268757962156
-0.0000549112883164
0.0000013056269381
0.0003123143687844
0.0001227277680300
0.0002933998184744
0.0001321748131886
0.0000172785512405
0.0002076371747535
-0.0004069342103321
-0.0000124609068735
-0.0019281647400931
0.0606256276369095
0.0001449476985727
0.0000083456870925
0.0001006572274491
0.0000496309658047
0.0000010572366591
0.0000148803082993
0.0004044848610647
-0.0002886838628910
-0.0003377660759725
-0.0002288835967192
0.0000502929106005
0.0001476189645473
-0.0001217659228132
-0.0003465309855528
-0.0000001370644895
-0.0000965385333984
-0.0000002212400432
-0.0002040612307610
0.0000193103878701
0.0002044880238827
-0.0000846112670843
-0.0003534228308126
0.0001472034782637
0.0000602635409450
-0.0000855399630382
0.0001702353911242
-0.0001017491740640
-0.0001765983615769
0.0001474574819440
-0.0003548932145350
0.0001464734959882
0.0001101994130295
0.0555527098476887
-0.0000371110509150
-0.0009772808989510
0.0000009829236660
0.0455022342503071
-0.0001069250138244
0.0001298744173255
0.0001917412155308
0.0001394691353198
0.0001315473928116
-0.0003157458268106
-0.0000818784319563
-0.0000630705035292
-0.0003363102732692
0.0000923903571675
-0.0001472094736528
0.0000430243744631
0.0000740929535823
-0.0000381747086067
-0.0000883644243004
0.0000646677362965
0.0000227059063036
0.0001246749598067
-0.0000919672165764
0.0002085196902044
0.0000545785878785
0.0000606950561632
-0.0000587607246416
-0.0003371133643668
0.0000286867434625
-0.0002953005896416
0.0000877475977177
-0.0000668105712975
0.0001301682495978
0.0000837643528939
0.0002252837002743
0.0004725845938083
-0.0001385005016346
-0.0054743778891861
0.0640527680516243
0.0524765923619270
-0.0000353389332304
-0.0000299969105981
0.0001544250408188
-0.0000579967672820
0.0001078960194718
-0.0005386868724599
-0.0000740073883208
-0.0001094435428968
-0.0002144627942471
0.0000045163906179
0.0001327692589257
-0.0001811124238884
0.0001753803662723
0.0001944164105225
-0.0002742438809946
0.0000589546398260
-0.0000102135891211
-0.0001983289403142
0.0000956242001848
0.0001070561484084
0.0001375081774313
-0.0000065043714130
0.0000759533068049
-0.0000514066414325
0.0000780008776928
-0.0001929425488925
-0.0000162256328622
0.0000455274712294
-0.0001084719260689
0.0004854605067521
-0.0001181871484732
-0.0037044421769679
0.0141178332269192
0.0112486807629466
0.0105927158147097
0.0092263007536530
0.0073625417426229
0.0111233778297901
0.0000999749172479
0.0004327080969233
-0.0000952234695433
0.0000603948465141
-0.0000668039501761
-0.0000416236725869
-0.0000562078857911
0.0002261892659590
-0.0002379185170867
0.0002340893843211
0.0000513523336849
-0.0003332298365422
-0.0001253329537576
0.0001225166779477
0.0000733410633984
-0.0001530769368401
0.0003885037149303
0.0000475293309137
-0.0000412511653849
0.0001362103212159
-0.0004894990706816
0.0001692678488325
0.0000063893530751
0.0000214876381506
0.0003452034434304
-0.0002607665956020
0.0000893499454833
0.0001678554835962
0.0003828233166132
0.0001096430205507
0.0002134237729479
-0.0009588558459654
-0.0000326977024088
0.0621926374733448
-0.0002540970745031
0.0001583414414199
0.0000073074843385
-0.0002263344504172
-0.0000418130948674
-0.0000915520140552
0.0003438783169258
0.0001198151221615
0.0002600158331916
0.0000761481787777
0.0001092340316973
0.0000471921048302
0.0002509346522857
0.0000679790027789
-0.0003134245926049
0.0000849781499710
-0.0000865538750077
0.0001516117772553
0.0002539364213590
-0.0001046220422722
-0.0001890304847620
-0.0001034240485751
-0.0000408018822782
0.0003463749017101
-0.0003318453091197
-0.0000996572780423
0.0001003434808808
-0.0002166081394535
0.0000912226169021
-0.0000527399388375
-0.0000118101288535
-0.0002707857638597
-0.0001728733477648
-0.0020478749647737
-0.0007619817624800
0.0040655657649040
-0.0012913243845105
-0.0000922437830013
-0.0002013695338974
-0.0002889004535973
0.0000323388994730
-0.0001445429224987
-0.0000146361708175
0.0001369441451970
-0.0000022379826987
0.0000215314794332
-0.0000496634747833
-0.0000145187495946
0.0000125707429106
0.0001506289117970
-0.0002011884789681
0.0002338462218177
-0.0000166912723216
-0.0000069578381954
-0.0000871307929629
-0.0000077385484474
-0.0000319895189023
0.0001952759484993
-0.0000523397320649
0.0002390508452663
0.0000145224184962
0.0000811711215647
-0.0000912782779778
-0.0000547855743207
0.0000192285006051
-0.0000170552521013
-0.0000390406312363
0.0395223088562489
0.0002117209223798
-0.0014035397907719
0.0038710352964699
0.0001566156133777
-0.0001417113962816
0.0288262721151114
0.0001213889117935
-0.0005486020236276
-0.0000655786643620
0.0001093255923479
-0.0002581191365607
0.0000177878609975
-0.0000917467041290
0.0000938721204875
0.0001529167493572
-0.0002964861050714
0.0001278609561268
-0.0000026680372684
0.0000110586133815
-0.0002395438932581
0.0000645300751785
0.0001381101901643
-0.0000178555783350
-0.0000440611620434
-0.0001092321690521
0.0001615173096070
0.0000844898459036
-0.0002428164589219
0.0000517064145242
0.0000471845560241
0.0001567395374877
0.0002272460405948
0.0000595751771471
0.0000926581997192
0.0000098121090559
0.0003023272729479
0.0475825816392899
0.0485271066427231
-0.0007191054755822
-0.0000006158006727
0.0001212199567817
0.0001506585977040
0.0000475712367916
0.0000309525785269
-0.0000610788702033
0.0001154370766017
0.0000140891497722
-0.0002348692360101
0.0001892197178677
-0.0001542239770060
0.0003106151707470
0.0000753073400119
0.0001169279421447
0.0003107062075287
-0.0000968835956883
-0.0000831431825645
0.0002879574603867
-0.0000685728155077
0.0002081591082970
0.0001696138788247
-0.0000022002786864
0.0000670876470394
-0.0001766390341800
-0.0000943257546169
0.0001361667964375
0.0001194232172566
-0.0000437857743236
0.0001506886619609
-0.0000029845068639
-0.0000119819742395
0.0000873785902513
-0.0000857398699736
-0.0000111531626317
0.0004648329340853
-0.0001147897273768
0.0021060970611870
0.0442737638950348
-0.0012146781664342
0.0002776867477223
0.0008679902530275
0.0001485767716076
0.0000343886495102
0.0000071905633376
-0.0001825116196414
-0.0002541994617786
0.0002334257878829
0.0002545216702856
0.0001208517642226
0.0000732305197744
0.0000717133807484
-0.0003903552133124
-0.0000753896893002
-0.0002198836737080
-0.0000659404249745
-0.0000103657930595
0.0002030143368756
-0.0001162902844953
-0.0000141654891195
-0.0000020189395400
-0.0000990557891782
-0.0001001516066026
0.0000604088490945
0.0001938548812177
0.0001795298740035
0.0001470129936934
-0.0002993667440023
-0.0000507870136062
-0.0000465932971565
0.0242338031530380
-0.0026346144732088
0.0067974268458784
0.0008870072779246
-0.0002201442548539
-0.0001413236605003
0.0002343338419450
0.0007894536829554
0.0001875591115095
-0.0001280402357224
-0.0002136182301911
0.0000611886862316
-0.0002364214160480
-0.0001101618327084
-0.0001888717961265
0.0000741325202398
0.0000649428475299
-0.0000227865966735
-0.0002039045793936
-0.0003950125537813
0.0008914213394746
0.0002198419388151
-0.0000845980030135
0.0000759324611863
0.0001599967363290
0.0000794247971498
-0.0000632941882941
0.0000567520328332
0.0000651181617286
-0.0001062733717845
-0.0000734692875994
0.0001770452945493
0.0002249293174827
-0.0000119716642075
0.0001443361543352
-0.0016554794274271
-0.0004348534566816
0.0306371133774519
0.0372093506157398
0.0280360728502274
-0.0008226254722103
-0.0005961665301584
-0.0000941520556808
0.0000566813905607
0.0002285055670654
0.0001168222224806
-0.0000624931490165
-0.0000804348019301
0.0002237341104774
-0.0000879062135937
-0.0000936528085731
0.0000457525457023
-0.0000356222735718
-0.0002721795171965
-0.0001285029575229
0.0000552520396013
-0.0000600659295742
-0.0001958293723874
0.0000822014626465
0.0000937945515034
-0.0002592316013761
-0.0000675391638651
0.0000673249596730
-0.0002106409083353
-0.0003401908325031
0.0000059592121033
0.0000261786917690
-0.0000890790179255
-0.0002423337718938
-0.0000354463991243
0.0000752704800107
-0.0056810742244124
0.0000420216092607
0.0165233444422483
0.0149039505049586
0.0159584712237120
0.0225049816071987
0.0107059609144926
0.0000280641106656
-0.0000436618975073
-0.0000069803645601
0.0000395103561459
-0.0004159544478171
-0.0001557108626002
-0.0001718049461488
0.0000360453414032
-0.0000027254500310
0.0001129724259954
0.0001934621686814
-0.0000515846513736
0.0000446585545433
-0.0000353850773536
-0.0001194764918182
-0.0007560382364318
0.0001032129512168
0.0002304604277015
-0.0002438657247694
-0.0001556367787998
-0.0000101174227893
-0.0004730575601570
-0.0001040444549290
0.0001046011093422
0.0000656702759443
0.0000079844903667
-0.0000199858022825
0.0002760519855656
