0.0000483019393869
-0.0000207695629797
-0.0001716588885756
0.0001413266436430
0.0000445229488832
0.0002470305771567
-0.0000122310884763
0.0000108379317680
0.0002616716083139
0.0001744905894157
0.0007551616872661
0.0001807584194466
-0.0020789674017578
0.0001119785010815
-0.0002378860517638
-0.0034181687515229
0.0011134310625494
0.0010434890864417
0.0004684634623118
0.0002287043171236
0.0003308758023195
0.0021369957830757
-0.0000288161900244
-0.0000225103722187
0.0001865683007054
0.0496158748865128
0.0003748843155336
-0.0011009308509529
0.0541070364415646
0.0535045564174652
0.0000140828778967
-0.0002372924791416
0.0001770006638253
-0.0003502988256514
0.0604583472013474
-0.0001196327939397
0.0000539956636203
0.0001319456205238
-0.0001596485526534
0.0002589408250060
0.0004856322193518
-0.0003220040816814
-0.0001951230806299
0.0000340303522535
-0.0002355162723688
0.0001594403292984
0.0590276978909969
0.0002767179685179
0.0000742959164199
-0.0004166828002781
-0.0024166004732251
-0.0001068755009328
0.0000452566528111
0.0004356186836958
-0.0000866201517056
-0.0004313762765378
-0.0011445236159489
0.0024221460334957
0.0011787811527029
-0.0001822125486797
0.0002131979126716
0.0016258928226307
0.0002297548926435
0.0020567988976836
-0.0004133544571232
-0.0000522622140124
-0.0004971792222932
0.0000816102547105
0.0003213967429474
0.0269471369683743
0.0511829927563667
0.0502913296222687
0.0001213599607581
-0.0000712819164619
-0.0001263999147341
-0.0000088212182163
-0.0001431933196727
0.0002125142782461
-0.0000827511248644
0.0003050795348827
0.0000603454573138
0.0001445492380299
-0.0000638576020719
-0.0001005662779789
-0.0003007262130268
-0.0001630754559301
0.0000539801403647
0.0000621357903583
-0.0002146167971659
0.0001743604952935
-0.0000865683687152
0.0655667185783386
0.0001860992924776
0.0834261476993561
-0.0001281213772018
-0.0000034054501157
0.0001450621639378
0.0003378895053174
0.0001141904213000
-0.0001897135371109
0.0000183048978215
-0.0000816431856947
-0.0002022489643423
0.0001286556653213
0.0003564037324395
0.0028266455046833
0.0000050016533351
-0.0005421447567642
-0.0003720198001247
-0.0002303699002368
0.0000660992591293
-0.0003940316382796
0.0003915125271305
-0.0002366420085309
0.0001388696982758
0.0001436537422705
0.0005411566235125
0.0001511524314992
-0.0005653068656102
0.0594143569469452
-0.0001257969997823
0.0464220717549324
0.0003994419239461
0.0000212696468225
0.0006769665051252
-0.0010132525349036
-0.0009795867372304
0.0004170164174866
0.0000787649041740
0.0000390566092392
0.0001099822256947
0.0003631106810644
0.0000536818188266
-0.0002890827599913
0.0000184889831871
-0.0000256643470493
0.0029210674110800
-0.0001792179973563
0.0003212898154743
-0.0010929482523352
0.0001668619224802
-0.0001731926458888
0.0000387243417208
0.0000659215220367
0.0001883862569230
-0.0000179643611773
-0.0000161644566106
-0.0000012957098079
0.0000477258436149
0.0000391010180465
0.0000673567774356
-0.0004310987424105
-0.0004508483107202
-0.0003143591748085
-0.0000966616062215
0.0001042665389832
0.0017878087237477
-0.0000704005142325
-0.0013319931458682
0.0003794128424488
0.0001885845849756
-0.0019826397765428
0.0001172521297121
0.0050127618014812
0.0001364689378534
0.0000085834217316
-0.0002475746732671
0.0000770640981500
-0.0000389016859117
-0.0000158409420692
-0.0000629035785096
0.0000124796770251
-0.0006967860972509
0.0004837588348892
-0.0008178928401321
0.0520429424941540
-0.0003709367010742
-0.0000032044044929
0.0000208724814001
0.0000019628387236
0.0000200214035431
-0.0001564606209286
0.0000534960345249
0.0000353204086423
0.0000301423260680
0.0001110220400733
0.0002709794789553
-0.0001321707386523
-0.0002180689625675
0.0000062277904362
0.0009760444518179
0.0000612401781837
-0.0001662457652856
0.0000617213954683
0.0019802395254374
0.0002289388648933
-0.0001124120899476
-0.0002191583043896
-0.0000967286177911
0.0002970139030367
-0.0000187137920875
0.0012011700309813
-0.0006325300782919
0.0000516033178428
0.0001318974536844
0.0001288016792387
-0.0000773129431764
0.0001288300409215
-0.0001016327951220
0.0000641562655801
0.0000218714412767
-0.0000066837164923
0.0001433314173482
0.0005941383424215
-0.0003713108017109
0.0005036162910983
0.0015550828538835
-0.0000476172172057
-0.0000414150199504
-0.0003304357524030
0.0000279340019915
0.0001922201481648
-0.0000331882220053
0.0002458798117004
0.0001606422010809
0.0000169840277522
0.0369942709803581
0.0012420341372490
-0.0004814026178792
0.0255070105195045
-0.0005968042532913
0.0019883718341589
0.0383435525000095
0.0002337106852792
-0.0000082536571426
0.0397563651204109
0.0312043000012636
-0.0021546345669776
-0.0054341526702046
0.0000917900470085
-0.0000045795832193
-0.0006540265749209
0.0000491098326165
0.0003826107713394
0.0034819047432393
-0.0016900886548683
0.0064313355833292
-0.0003111643600278
0.0002277735329699
-0.0013579778606072
-0.0011228742077947
-0.0004550724115688
0.0003707578289323
-0.0002662469050847
-0.0002979147830047
0.0000508913544763
0.0002171393571189
-0.0001874635054264
-0.0002665110223461
-0.0000233223036048
0.0001200541519211
-0.0001062899027602
-0.0008807521080598
0.0011921320110559
-0.0001154144993052
-0.0001769186492311
-0.0004273118393030
0.0000718114824849
0.0307336933910847
0.0044771023094654
-0.0000499512934766
0.0006463707541116
-0.0004372237308417
-0.0003266603162047
0.0501695983111858
-0.0006792779895477
0.0002276041486766
-0.0003107820812147
-0.0002914022188634
-0.0007800263701938
-0.0001893011940410
-0.0011639060685411
0.0497043281793594
0.0001291246735491
0.0437517277896404
0.0058411746285856
-0.0003564440412447
-0.0005299300537445
0.0000596294557909
0.0003251658927184
-0.0000375325507775
-0.0000241460184043
0.0000490358579555
0.0002055250661215
0.0001831317349570
-0.0000799614354037
-0.0002614805707708
-0.0000705235943315
0.0002847958821803
-0.0001100816662074
0.0656385719776154
0.0573794767260551
-0.0001024599696393
0.0001359851594316
0.0029792624991387
0.0002139352145605
0.0001901639770949
0.0001126805291278
0.0001111358724302
-0.0006490592495538
0.0005900688702241
-0.0008785859681666
0.0000646423723083
-0.0000279304586002
-0.0001185980072478
0.0009145843214355
-0.0000471766106784
-0.0001267886109417
0.0000112187080958
-0.0002774941967800
-0.0000196816836251
-0.0000977542513283
-0.0006492044194601
0.0001802306796890
0.0575298294425011
-0.0003032061795238
-0.0000025127010304
-0.0000547844865650
0.0001273547095479
0.0001022465876304
-0.0000535377803317
-0.0001325303019257
0.0001235580130015
0.0002587054914329
-0.0002044930879492
0.0000436324298789
0.0462766736745834
-0.0000936202122830
-0.0005380092188716
-0.0002201851166319
0.0006681003142148
-0.0003307465522084
0.0002451171749271
-0.0000115380462375
0.0014979044208303
-0.0004652296775021
0.0018706310074776
0.0010746587067842
0.0001669260673225
0.0421082526445389
-0.0000697009818396
-0.0000023418160708
-0.0003200860810466
-0.0003461271699052
0.0383545160293579
0.0001300060685026
0.0000620723440079
0.0000549311880604
-0.0006184336962178
0.0002230344980489
0.0001313640095759
-0.0003194365708623
0.0001316108246101
0.0000204203388421
0.0000733598062652
0.0000856265323819
0.0001283129240619
0.0000944305866142
0.0002875566715375
0.0000088085289462
-0.0000051522656577
-0.0000960257966653
-0.0005491579067893
-0.0002682191552594
0.0001138851148426
0.0000711024840712
-0.0004321360902395
0.0000226845295401
-0.0001330392260570
0.0000338512654707
0.0648741200566292
-0.0000788464312791
0.0001854536531027
-0.0004426511586644
0.0002019188541453
-0.0000411332548538
-0.0000282220280496
0.0000110508699436
-0.0005076329107396
0.0000142218486872
-0.0001063560048351
-0.0002014601195697
-0.0000787411263445
0.0000254933547694
0.0003835206443910
-0.0001307876082137
-0.0001036622561514
-0.0000678577853250
0.0000992204440990
0.0000095908180811
0.0000548211828573
-0.0000151281565195
-0.0000630181966699
-0.0001009492043522
0.0001187832167489
-0.0000354278890882
-0.0001192483105115
0.0003273613401689
-0.0000795380983618
0.0001102245223592
0.0000639814315946
-0.0000412744120695
-0.0000678028445691
-0.0006647064583376
-0.0000079616438597
-0.0004639175313059
-0.0001717240666039
0.0023540826514363
0.0559972487390041
0.0636836364865303
-0.0002815885818563
0.0000983150093816
-0.0002760736970231
-0.0005561613943428
-0.0008980063721538
-0.0000289084928227
-0.0002803581883200
0.0494811944663525
0.0001649248442845
-0.0000803224247647
0.0000926526554395
-0.0001599341048859
-0.0001550503366161
-0.0003459261497483
-0.0000131790511659
0.0001009388070088
0.0002154757821700
-0.0001819883473217
-0.0001369136734866
0.0000118690149975
0.0000288621231448
0.0001485770335421
-0.0006834353553131
0.0003384049341548
-0.0002091378701152
0.0000553464487894
-0.0003048705402762
-0.0005124707822688
-0.0004751097294502
-0.0001464793749619
0.0000214637366298
0.0574763379991055
-0.0002178458962590
-0.0003132076235488
0.0529690943658352
-0.0010271726641804
-0.0001253227819689
0.0005512188072316
-0.0000839314452605
-0.0003867475315928
-0.0005656708381139
-0.0013022173661739
0.0014675634447485
-0.0015418516704813
-0.0006595859304070
0.0483754500746727
-0.0000340893057000
-0.0001070940052159
0.0000368523906218
0.0001978697982850
-0.0001678391272435
-0.0000248156138696
0.0000341745399055
-0.0001453954610042
-0.0000631883085589
-0.0001179028622573
0.0000853359379107
-0.0001750946103130
0.0007315077236854
0.0005362144438550
0.0001530970766908
0.0000046845452744
-0.0000502222028445
0.0000138183240779
0.0002530938363634
0.0004770337545779
-0.0000199124478968
0.0728475600481033
0.0000430737927672
0.0004972793394700
0.0001277664996451
-0.0007240214035846
-0.0003098571323790
-0.0000502446928294
-0.0002088243054459
0.0003327262529638
0.0001137192666647
0.0012700445950031
0.0764305070042610
0.0002661961480044
-0.0001785446947906
-0.0001331400708295
-0.0000021140440367
0.0006710916641168
-0.0000974895010586
0.0000502069669892
-0.0000032033494790
0.0001532879687147
0.0002907786692958
0.0000140260999615
0.0000841258879518
0.0000371889764210
0.0000332258132403
-0.0001183847707580
0.0004985154955648
-0.0007467062096111
-0.0001211928247358
0.0004239645786583
0.0000665276747895
0.0001120276501752
-0.0000247766438406
0.0781208947300911
0.0000120365375551
0.0001535023329780
-0.0000571621094423
-0.0002581600274425
0.0000526139774593
0.0001626259909244
-0.0002554845123086
-0.0000071515532909
0.0000710542808520
0.0000265619164566
0.0003535724536050
0.0000862823653733
0.0694363713264465
0.0000050852831919
0.0001157383303507
0.0015250769210979
0.0000239942673943
0.0002071503840853
0.0001140197855420
0.0005139102577232
0.0021629566326737
-0.0001769446098479
-0.0000668192951707
-0.0001737365382724
0.0000998042814899
0.0001154272395070
0.0002901255502366
0.0002435933420202
-0.0022698540706187
0.0003702677204274
-0.0003889038343914
-0.0002907593734562
0.0001056306064129
0.0002254749124404
-0.0023271595127881
0.0018744369735941
0.0001745336485328
0.0006481071468443
0.0013324380852282
-0.0002867194416467
0.0026691795792431
-0.0016119141364470
-0.0002583226014394
-0.0002369050780544
-0.0000246585332206
0.0338399484753609
-0.0010103255044669
0.0005243190098554
-0.0031801161821932
-0.0001543261023471
0.0423857793211937
0.0391366146504879
0.0407147407531738
0.0411666482686996
-0.0001191732590087
-0.0000426513834100
-0.0000926914508455
0.0001495954202255
-0.0002646320208441
-0.0000059089506976
-0.0001608206366654
-0.0002439583477098
0.0000525546784047
-0.0000926646607695
0.0001020908821374
-0.0001350278034806
0.0477072037756443
0.0001448071270715
-0.0006322779227048
0.0001327234058408
-0.0000934316776693
0.0002905150759034
-0.0001918487832882
-0.0002090301131830
0.0001311734231422
-0.0000578921717533
0.0003312748740427
0.0001022426804411
0.0000853795136209
0.0002714716829360
0.0000593397744524
0.0001148273877334
0.0009194550802931
-0.0001889790873975
0.0003866851038765
-0.0001083729148377
-0.0000511775651830
-0.0002527743345127
-0.0004338267608546
0.0002401683887001
0.0000245934788836
-0.0004520794027485
-0.0002902117266785
-0.0001208902103826
0.0001466310932301
0.0000289386080112
0.0000405950268032
-0.0000965100625763
0.0000230934092542
0.0002389722503722
-0.0003835383104160
-0.0006954701384529
0.0005009797750972
0.0005210983799770
0.0001383191847708
0.0764623954892159
0.0005236700526439
-0.0000909488953766
-0.0000300753308693
-0.0002305543748662
0.0006118598976173
-0.0000808074546512
-0.0001452456344850
0.0000676277122693
-0.0003145727387164
0.0593738555908203
0.0003615773748606
-0.0000930558744585
0.0000979827309493
-0.0003405218303669
0.0000271401368082
-0.0000474948465126
-0.0004659789847210
-0.0000447297206847
0.0002002238761634
0.0002577986160759
0.0001280442374991
-0.0000511412254127
-0.0000418033378082
-0.0001607189187780
-0.0000938242010307
0.0001338720612694
0.0001695673854556
0.0001928991987370
0.0000199440528377
0.0001038181799231
0.0000960203906288
-0.0001749041985022
0.0000093718699645
0.0001703027810436
-0.0004106227424927
0.0010177417425439
0.0760261267423630
-0.0002864301495720
0.0000114537979243
-0.0007056811591610
0.0000982584169833
0.0000460088085674
-0.0001094931794796
-0.0001998948573601
0.0000245027331403
-0.0000745252764318
0.0001557251525810
0.0002923792344518
0.0000930689420784
0.0001026978352456
0.0005184655310586
0.0002339840575587
-0.0000105847138911
-0.0000208948295040
-0.0000017852980818
-0.0000125209371618
0.0001765855413396
-0.0002186684869230
0.0001700464927126
-0.0000277265789919
-0.0001351637911284
0.0002175049157813
0.0001833088172134
0.0000797052125563
-0.0001557561627124
-0.0000283199769910
0.0000309259921778
0.0001104716138798
-0.0000512620426889
-0.0000395911119995
0.0563592426478863
0.0010270815109834
-0.0000153756900545
-0.0001371082034893
-0.0000347882269125
-0.0006156628369354
0.0602413415908813
0.0647270232439041
-0.0000472572901344
-0.0000194690874196
-0.0003061079478357
-0.0003451600787230
-0.0001143060435425
-0.0001438281033188
-0.0009654301684350
-0.0002371455484536
0.0000397405892727
-0.0000320872240991
-0.0004416576703079
0.0007137679494917
-0.0000342039347743
0.0002432258042973
0.0003097856533714
-0.0000329545800923
-0.0001564510748722
0.0002674388233572
-0.0000330750044668
0.0000475538472529
0.0000747823796701
-0.0000190282225958
0.0000382110447390
0.0002708629472181
0.0000039895385271
0.0001769109076122
0.0001121242094086
0.0479643717408180
-0.0004547201679088
-0.0009584230137989
-0.0001091074591386
0.0015680772485211
0.0001877191534732
-0.0002281161432620
0.0001723739987938
-0.0002240673638880
-0.0000645206891932
-0.0001720108994050
0.0001523138198536
0.0003498152364045
0.0000016150879674
-0.0004323342291173
-0.0003304496640339
-0.0000711988905095
0.0018929095240310
0.0000676619310980
0.0001450846903026
-0.0001061742514139
-0.0002375013718847
-0.0002516724343877
0.0000243439935730
-0.0005130351637490
0.0000571644523006
0.0000188218837138
-0.0000643262465019
0.0001343856274616
-0.0000810443088994
-0.0000202065275516
0.0001028051920002
-0.0000476138229715
-0.0002103210426867
0.0005679396563210
0.0000118807765830
-0.0007270865608007
0.0000765661534388
-0.0003179632185493
0.0000359400146408
-0.0001316364941886
-0.0000393221707782
-0.0001294070389122
0.0001467903057346
0.0000766084340285
0.0000520038774994
-0.0002152375382138
0.0000594306548010
0.0001902148360386
0.0001271306682611
-0.0001107149510062
-0.0001220206977450
0.0005995758110657
0.0005487066227943
-0.0001468549889978
0.0001932617014972
0.0699656680226326
-0.0000787003737059
0.0001530834415462
0.0000360361373168
-0.0006146001396701
0.0003880493459292
-0.0001582677796250
-0.0000078422126535
0.0001236563693965
0.0000943080813158
0.0001515669282526
0.0001992891193368
-0.0002230635145679
-0.0001823586499086
0.0000191272047232
-0.0000612871517660
-0.0001335681881756
0.0699350684881210
0.0015345570864156
0.0000233507162193
0.0005156059633009
0.0004321520100348
-0.0002866913564503
-0.0001419889158569
0.0000535687868251
-0.0000293548946502
0.0000516944128321
-0.0003048047074117
-0.0000967632513493
0.0003720655222423
0.0000570735683141
-0.0000191319559235
-0.0003985119983554
-0.0001481701474404
-0.0001539425720694
-0.0000591742573306
0.0000437903217971
0.0001557249925099
0.0000613072406850
0.0629207193851471
0.0002030582836596
0.0000099961325759
-0.0001179178507300
-0.0001700832508504
0.0001211303024320
-0.0000649199791951
0.0001870766864158
0.0000304515560856
-0.0002580831642263
-0.0004623304121196
-0.0010375409619883
0.0000473882319056
0.0003444007597864
0.0059796953573823
-0.0000503161136294
-0.0012323963455856
0.0540288165211678
-0.0000382312427973
-0.0001720384461805
0.0000445228033641
-0.0002439210220473
-0.0007739785360172
-0.0004791327810381
0.0001573118352098
-0.0004637908714358
0.0000099680582935
0.0015684639802203
-0.0002401745587122
-0.0002219328016508
0.0002323204535060
0.0000997452589218
-0.0000731729815016
0.0008645148482174
-0.0003783495922107
0.0001479358616052
0.0001527094573248
0.0000297690021398
0.0004212257335894
0.0001096021296689
-0.0003107051306870
0.0001587958395248
0.0000047801004257
0.0001348192745354
0.0001155999780167
-0.0004479931376409
0.0000681042438373
-0.0006078689475544
0.0300663094967604
0.0528607405722141
0.0000548813404748
0.0000028479444154
-0.0001497836929047
0.0561697781085968
0.0000376284151571
-0.0000866382615641
0.0004573669284582
-0.0000673749018461
0.0002368549758103
0.0001368508092128
0.0000102836420410
-0.0005189691437408
0.0001197241799673
0.0020344322547317
0.0012455533724278
-0.0006380244740285
-0.0000020475199562
-0.0001025630044751
0.0000331333903887
-0.0000635917895124
-0.0000395791430492
0.0000997910974547
0.0000281599423033
-0.0001976280473173
0.0001617701200303
0.0002549001073930
-0.0001396560255671
0.0000641471560812
-0.0001277491101064
-0.0000722458862583
-0.0000449220970040
-0.0000405533646699
0.0001165419089375
0.0003293335612398
-0.0016600241651759
-0.0001428107789252
-0.0001239708508365
-0.0003675109182950
-0.0000973929418251
0.0000098585078376
-0.0000121822085930
0.0000760370530770
0.0000879145809449
-0.0004044431261718
0.0003517027362250
-0.0002604007313494
-0.0000251607798418
-0.0005763573572040
0.0000675552582834
-0.0000452487474831
0.0597704313695431
-0.0000512926926604
-0.0003132258134428
-0.0004969075089321
-0.0001146554277511
-0.0002154850808438
0.0000412754743593
0.0002936202799901
-0.0000999071053229
-0.0002967877953779
0.0000310786708724
0.0000981499179034
0.0000805203599157
-0.0001223925210070
-0.0000317303492920
0.0001113986945711
0.0001552227477077
-0.0000157042086357
-0.0001145262067439
-0.0001403905043844
0.0000835914470372
0.0001156236394309
-0.0007992285536602
-0.0003304621204734
-0.0002294208097737
-0.0003490194503684
-0.0000265949565801
-0.0015246723778546
-0.0003887248167302
0.0017437989590690
-0.0001683454902377
0.0000611850555288
0.0000948614761000
0.0000104500213638
0.0002750722051132
0.0000861318185343
-0.0001541734527564
0.0011397332418710
-0.0001410431868862
-0.0001296346017625
0.0536795184016228
0.0001476426259615
-0.0002824480761774
0.0002709669643082
-0.0000536153420398
0.0000329202011926
0.0001968832802959
0.0003364525036886
-0.0002702696656343
0.0001837718882598
0.0000775266380515
-0.0001639935653657
0.0000942407132243
0.0000795435189502
-0.0000460596638732
0.0001695957471384
-0.0000277221079159
-0.0002699846518226
0.0001093718747143
0.0001583292323630
0.0699167624115944
0.0001307868224103
-0.0000750206600060
-0.0005099283298478
0.0002664800267667
0.0001265967148356
-0.0001237967517227
0.0001269330678042
0.0001849180116551
0.0002772203588393
-0.0001716683036648
0.0001365763018839
0.0000477951834910
0.0003246821870562
-0.0001176244186354
0.0001240024284925
0.0002617418649606
0.0000941775069805
-0.0001701615692582
0.0733301416039467
0.0000515063475177
-0.0000759440590627
-0.0000047936628107
0.0001144983689301
0.0000717404036550
0.0000404871607316
-0.0000080057652667
0.0000755361470510
0.0000736532383598
0.0002245197974844
0.0744085684418678
0.0001167558802990
-0.0001388457894791
-0.0000022741514840
-0.0000876482445165
0.0003998907632194
-0.0004877174214926
-0.0000703420955688
0.0003113849379588
-0.0000547185773030
0.0000402859914175
0.0000922146718949
0.0003793941868935
-0.0001599749521120
0.0000039621518226
-0.0000075616917457
0.0001979869994102
-0.0000202998053282
-0.0001317188289249
0.0001957727945410
-0.0001022452051984
-0.0000608154223301
0.0007288383785635
-0.0000807365577202
-0.0000506528122060
-0.0000000179570634
-0.0000550606309844
-0.0004311903612688
-0.0001584281417308
-0.0000753789427108
0.0000555414153496
0.0002028728049481
0.0004216503584757
0.0001707030023681
0.0001574754278408
0.0005212737014517
0.0229465682059526
0.0007865719962865
0.0032491695601493
0.0001245549356099
0.0309468396008015
0.0399509742856026
0.0031765846069902
-0.0002723438956309
0.0000426867627539
0.0392869487404823
-0.0002389601140749
0.0007009924156591
-0.0002392795140622
-0.0000305844005197
0.0000378276454285
-0.0011475038481876
0.0001908804988489
-0.0001706331240712
0.0357508920133114
0.0359356105327606
-0.0033930386416614
-0.0002479220274836
-0.0001173055061372
0.0006810550112277
-0.0028829604852945
-0.0003100622561760
-0.0001584100245964
-0.0001781060709618
-0.0004153167828918
0.0002867198782042
-0.0000757250454626
0.0001039398848661
0.0002560032007750
-0.0001203899009852
0.0000445879231847
0.0000956707081059
-0.0000993215871858
-0.0001739843864925
-0.0002372082090005
-0.0000750277977204
-0.0002782052615657
0.0001664836163400
-0.0001953429309651
-0.0001022091528284
0.0000652277376503
0.0001266647595912
-0.0002604020410217
0.0001463116786908
-0.0000986484519672
-0.0002241516631329
-0.0000862221859279
-0.0000163750664797
0.0000737505179131
0.0736849904060364
-0.0001281374425162
0.0003756662190426
-0.0000082663464127
-0.0001528106367914
0.0001367296208628
0.0001429872354493
-0.0002408591681160
0.0000452824278909
-0.0000183927331818
-0.0001927415287355
0.0000414206479036
-0.0000997176903184
-0.0001348735822830
0.0000464375334559
-0.0001727853377815
0.0000381617719540
-0.0001827952655731
-0.0001188196838484
0.0005003001424484
0.0108210379257798
0.0342549495398998
0.0021703406237066
0.0354927591979504
0.0335841774940491
0.0268546994775534
0.0133989360183477
-0.0000489333688165
0.0025059164036065
0.0002239672467113
-0.0011262323241681
0.0257710199803114
-0.0001629215694265
-0.0002129556087311
0.0347889475524426
-0.0001902571675600
0.0000007983326213
0.0001565387501614
-0.0003391752543394
0.0001706608454697
-0.0000860156942508
-0.0000360848134733
-0.0010506180115044
-0.0001571751927258
-0.0000419549869548
