-0.0001546261191834
0.0003825220046565
0.0000125482038129
0.0000218547793338
0.0002076593809761
-0.0001113982361858
-0.0000937821459956
0.0000629403657513
0.0001378438464599
0.0001070032012649
-0.0000752334526624
0.0000806769821793
-0.0000711563334335
0.0000727020160411
-0.0000182556286745
0.0000567030256207
-0.0000393305563193
-0.0001794263080228
-0.0002123505109921
-0.0000164590019267
0.0000420957985625
0.0000389198758057
0.0002008170413319
0.0001629865146242
-0.0004545002593659
-0.0000816434549051
-0.0001348890364170
0.0000273090918199
0.0001342586765531
-0.0000369810077245
-0.0001140482490882
0.0000076757860370
-0.0000737731752452
-0.0001860167103587
0.0000146748652696
0.0000003318673407
-0.0010846925433725
-0.0007697833352722
-0.0002640876627993
-0.0004248666518833
-0.0002232158294646
-0.0003514000563882
-0.0007503430824727
0.0371979773044586
0.0001070840371540
0.0000348767825926
0.0001696903200354
0.0000435645779362
0.0000069942470873
-0.0003262220998295
0.0001464638626203
-0.0000269291194854
0.0000015044352040
-0.0000257709689322
-0.0001746647467371
-0.0002044803404715
-0.0001560752134537
0.0000064394698711
-0.0002639620215632
-0.0000840969587443
0.0001373386912746
-0.0001205006774398
-0.0003257320495322
0.0003321409458295
0.0000041042985686
0.0001548861328047
0.0002085290470859
0.0003749686584342
0.0003966750227846
0.0000234056242334
0.0000582796346862
-0.0003274739719927
-0.0009257936617360
0.0024673547595739
0.0324157066643238
-0.0005727178067900
-0.0005546470638365
-0.0004283974412829
0.0522968396544456
0.0390358902513981
-0.0006851481157355
-0.0002971220528707
-0.0000459844231955
0.0000475861816085
-0.0002977800322697
0.0000951201145654
-0.0000945585488807
-0.0000929574162001
0.0001017865215545
0.0001109239019570
-0.0000817176769488
0.0000519130480825
-0.0001430851407349
-0.0001711770746624
0.0003264661063440
0.0001415591104887
-0.0000839962012833
-0.0000419833959313
-0.0003035916597582
-0.0002966302563436
-0.0001921966613736
0.0000569893818465
0.0000103399142972
-0.0001978795044124
-0.0002219742746092
-0.0002306118840352
0.0001420819608029
0.0001642002607696
0.0008125253953040
0.0437233895063400
-0.0006505382480100
0.0484469532966614
-0.0001041233044816
-0.0005919594550505
-0.0024367705918849
0.0542704686522484
-0.0005894794594496
-0.0001741398009472
-0.0000907538851607
-0.0001299229625147
0.0000520073517691
0.0000598175865889
-0.0000227807322517
0.0000911432944122
0.0000908367510419
-0.0000695535927662
0.0001458061451558
0.0002383479295531
0.0000997825845843
0.0000243764516199
0.0000469570077257
-0.0001014806257444
0.0001419643085683
-0.0001563403493492
0.0001416861196049
-0.0000245279370574
-0.0001636119850446
-0.0000121249686345
-0.0001244915620191
0.0000980062541203
-0.0000843662346597
0.0001702784065856
0.0000745386641938
-0.0001241906720679
0.0013283991720527
0.0354715622961521
-0.0008989993948489
0.0264547653496265
-0.0105089638382196
0.0235730502754450
-0.0039332541637123
0.0087514976039529
0.0268969517201185
-0.0003626804391388
-0.0001789300295059
-0.0000195486427401
-0.0000397251860704
-0.0009000399732031
-0.0000475920860481
0.0001747194037307
-0.0000624097010586
0.0000084550374595
-0.0001557774667162
0.0001886804238893
-0.0001185882574646
-0.0000740989416954
-0.0001831972040236
-0.0001392604317516
-0.0000798351829872
0.0000420996693720
0.0001436915772501
0.0001387209340464
-0.0004221159615554
0.0000681273813825
-0.0002495800727047
-0.0003483485488687
0.0000676001145621
0.0001477991172578
-0.0000706400460331
0.0001965021074284
0.0002152512024622
-0.0002413686743239
0.0556008517742157
-0.0020406022667885
-0.0001957722124644
0.0001107552743633
-0.0002368924906477
0.0001632762578083
0.0001599909737706
-0.0003732753684744
-0.0001845454389695
-0.0000858026978676
0.0000284017296508
-0.0000494248524774
-0.0002180408046115
0.0000922875769902
-0.0001578667142894
0.0000722747863620
0.0000629005808150
-0.0000169953236764
-0.0000989989493974
-0.0000372375361621
0.0000038960060920
0.0000860806394485
0.0000785075535532
-0.0000377032411052
0.0001503918028902
0.0000588378097746
-0.0000507242439198
0.0002260139008285
0.0000645923428237
0.0001150422540377
-0.0001815824361984
-0.0002870067837648
-0.0000052515106290
0.0001509030698799
-0.0002320286585018
0.0001125738635892
-0.0001427412207704
-0.0000759865215514
0.0011241483734921
0.0822500213980675
0.0000416698385379
0.0000961914993240
0.0001549157022964
0.0001491355360486
-0.0000903056061361
-0.0001368670782540
-0.0000399678683607
0.0004068043781444
0.0000104831224235
-0.0000393560367229
0.0002086144086206
-0.0001051858853316
0.0000905856431928
-0.0000795744272182
0.0003685861011036
0.0000114475260489
0.0002665447536856
0.0002249082463095
-0.0001460277853766
0.0000035513276089
0.0000477291541756
0.0000143429933814
0.0001173441705760
-0.0000043125328375
-0.0000527051306562
0.0000427029081038
-0.0001092729653465
0.0000533778656973
-0.0002154649846489
-0.0002151316293748
-0.0000309465394821
0.0002482136187609
-0.0000513676932314
-0.0001344338816125
0.0620233863592148
0.0003340823750477
0.0000351008166035
-0.0000902625179151
0.0000877185448189
0.0001193654898088
0.0001125145645346
0.0003558335010894
-0.0001542828103993
0.0000580775267736
0.0002421345270704
-0.0001415809674654
0.0001533926988486
-0.0002094417141052
-0.0000886512061697
0.0001365537173115
-0.0002392088063061
-0.0000253180696745
-0.0002485572185833
0.0000273213954642
0.0000466607161798
-0.0001570856256876
0.0000243360409513
0.0000266228162218
0.0003139590844512
-0.0001693939266261
0.0000983347272268
-0.0002930246409960
-0.0000252894169535
-0.0001610744511709
0.0000878991704667
-0.0000451030355180
0.0001814529532567
0.0200775451958179
0.0102994944900274
0.0045806895941496
0.0189946535974741
0.0123479347676039
-0.0010848053498194
0.0135207427665591
-0.0014599720016122
0.0171651318669319
-0.0000792690552771
-0.0001556855859235
-0.0001719280990073
0.0001499335339759
-0.0003153057768941
0.0000145917365444
0.0000285133719444
-0.0000430785148637
-0.0002069713082165
-0.0001426083472325
-0.0002231838589069
0.0000161269872478
-0.0002386826090515
-0.0001666375610512
-0.0001085630210582
-0.0001001614582492
0.0004281382425688
-0.0001256709365407
-0.0004003190551884
-0.0004239054396749
0.0001141551983892
0.0002148222702090
0.0003104903444182
-0.0003484388289507
-0.0003098219458479
0.0001231719215866
0.0000162348005688
-0.0015642424114048
0.0231224410235882
0.0551381558179855
-0.0003779086691793
-0.0005701291956939
0.0506665073335171
-0.0006486121565104
-0.0007879236363806
0.0013388752704486
0.0000301251657220
-0.0001298992283409
0.0000579001789447
0.0001926727709360
-0.0001325252233073
0.0002116154209943
0.0000333490752382
0.0000471435596410
-0.0000765174336266
0.0001593472261447
-0.0002565362956375
0.0000869463838171
0.0000643581006443
-0.0001928368874360
0.0000792002392700
0.0001448987750337
0.0002124998718500
0.0000730398605810
-0.0002465522848070
0.0000464822551294
0.0001739174622344
0.0001780192978913
-0.0001220585400006
-0.0002415696362732
-0.0003224844112992
0.0000282390974462
-0.0010481559438631
-0.0002414331829641
0.0000173197622644
0.0680375844240189
0.0000707073049853
0.0001771624229150
0.0002805871190503
-0.0000789298210293
-0.0004704167949967
-0.0000892998214113
0.0000100184142866
-0.0000792967839516
-0.0001674864761299
0.0000819483248051
-0.0000960451434366
0.0000654317409499
-0.0000898622820387
0.0000232944730669
-0.0000168913611560
0.0000296893886116
-0.0001183167914860
0.0000550980148546
-0.0000940232930589
-0.0001962454989552
0.0000626305118203
-0.0001493596209912
-0.0000146477468661
0.0000739630631870
-0.0001112359168474
-0.0002027160371654
-0.0000974847935140
0.0001216470554937
0.0000448369828518
-0.0001269775966648
0.0000442365853814
-0.0000962614649325
-0.0002689074026421
0.0006608106778003
-0.0004846677184105
-0.0001409728574799
-0.0000776166052674
0.0015397354727611
0.0001224018051289
-0.0005338460323401
-0.0000007862763596
0.0760799050331116
0.0000372884496755
0.0003228689602111
-0.0001143601693911
0.0000121790180856
0.0001515370095149
0.0000834662860143
-0.0001041642972268
-0.0003085013304371
0.0000520460562257
0.0001407893141732
0.0000008750794223
-0.0001244016457349
-0.0000029284183256
-0.0000974462309387
0.0001907891564770
0.0000747996164137
-0.0000114949943963
-0.0000521230103914
0.0000675437768223
-0.0000301051331917
-0.0000541101217095
-0.0001288710627705
0.0000871960946824
-0.0000320290855598
0.0002209328376921
0.0000082747355918
-0.0008897957741283
-0.0001598417002242
-0.0002356755139772
0.0018762890249491
0.0652702823281288
-0.0015841228887439
0.0346214585006237
-0.0005493075586855
0.0004343376203906
-0.0001198101454065
-0.0000743540731492
-0.0000220660876948
-0.0000477192988910
-0.0001850703411037
-0.0001823511120165
0.0000939586825552
-0.0000715380665497
-0.0000989467225736
0.0000715674395906
-0.0000361360143870
-0.0001285242615268
-0.0001947933051270
-0.0000249241638812
-0.0000375539348170
0.0000410176216974
-0.0000129069230752
0.0001369215315208
-0.0000290623356705
0.0000600248968112
-0.0001668587647146
-0.0000963441998465
-0.0001437378523406
-0.0000391423964174
-0.0000095796640380
-0.0001168038870674
0.0003335554501973
-0.0001647687749937
0.0911222100257874
-0.0001536162162665
-0.0003576480958145
0.0001322805474047
0.0000004699231795
0.0001655020460021
0.0008625233313069
-0.0001797371805878
-0.0000906946661416
-0.0003961196343880
-0.0000181037466973
-0.0000326643894368
-0.0002479281683918
-0.0002867761068046
0.0000841625151224
0.0001395294384565
0.0000346476481354
0.0001628166937735
-0.0000251805831795
0.0001398692256771
-0.0000894883851288
-0.0000086330255726
0.0000828777992865
-0.0002571768127382
-0.0000860641303007
0.0002693343558349
0.0002016823273152
-0.0001922215597006
-0.0000955164432526
0.0002946764288936
0.0000379033590434
-0.0000080129611888
0.0000255748018390
0.0003719225642271
-0.0002405608247500
0.0000059968369897
0.0001373828999931
0.0933580920100212
0.0001467619440518
0.0002377316122875
-0.0003831567300949
0.0001426616654499
0.0003063879848924
0.0001918079651659
-0.0002988593187183
-0.0000048699052968
-0.0001004726509564
0.0001256583782379
0.0001335546985501
-0.0000842832232593
-0.0001174340795842
-0.0002113345399266
-0.0000072388502304
0.0000009540017345
-0.0000388411826862
0.0000862814777065
0.0001122324756579
0.0001038049958879
0.0000114154227049
-0.0000334360156558
-0.0001046794131980
-0.0000423416568083
0.0000891849413165
-0.0002489378093742
0.0000370261041098
0.0001469345588703
-0.0002058529353235
-0.0002836756175384
-0.0000983948266366
0.0001451284915674
0.0001092411475838
0.0003309538005851
-0.0054503683932126
0.0421854630112648
0.0456095077097416
0.0000102979829535
-0.0006596501916647
-0.0011446936987340
0.0306896772235632
-0.0000100716133602
0.0402393043041229
0.0001146908034571
0.0000676382333040
0.0001385007053614
0.0001468094269512
0.0000387385334761
-0.0001129043157562
-0.0001288420608034
0.0000018356711280
-0.0001618901151232
-0.0000482981413370
0.0002535910462029
0.0001944091054611
-0.0000670460722176
0.0001177741942229
-0.0000030526498449
-0.0000173440494109
-0.0003228202112950
0.0001343203039141
-0.0000578013423365
-0.0000614415039308
0.0002650105452631
0.0001483199448558
0.0000627249464742
-0.0002698485041037
-0.0000658604403725
0.0000923014158616
-0.0000501364593219
-0.0000397732947022
0.0000303162123600
-0.0002668158267625
-0.0000137042370625
0.0000645705586066
-0.0000200043723453
0.0002845211711247
0.0718582868576050
0.0021085033658892
0.0001423947105650
-0.0002876521903090
0.0000838088599266
-0.0001753889810061
-0.0002412972971797
0.0000464660261059
-0.0002081621496473
0.0002234812127426
-0.0002099420817103
-0.0002313795848750
-0.0000105039243863
-0.0002476749068592
-0.0004176703514531
0.0001969014847418
-0.0000629917631159
-0.0001280425058212
0.0000425325197284
-0.0002051207411569
0.0000832640944282
-0.0002026611909969
0.0000680703087710
0.0001950857986230
-0.0001254092785530
0.0000546211012988
-0.0002590744697955
-0.0000573793222429
0.0001907210971694
0.0005166381015442
-0.0001161467444035
0.0002946504391730
0.0008151573128998
0.0001119435473811
0.0000846624752739
0.0001232420036104
0.0000236143387156
0.0725375935435295
-0.0002351802686462
0.0003276327042840
-0.0001310573716182
-0.0001419861655449
-0.0000105241233541
-0.0000604484775977
0.0002234237472294
-0.0000490730817546
0.0001007762184599
-0.0000619321945123
0.0001362909679301
-0.0000382682337658
0.0002082826395053
-0.0000020472562028
0.0000128957708512
-0.0001319096190855
-0.0000683317921357
-0.0001938053610502
-0.0000541373810847
-0.0001288936327910
-0.0001710398355499
-0.0002784046519082
-0.0000789822370280
-0.0000036656419979
0.0001360634923913
-0.0001270844950341
-0.0000070313799370
0.0001221483398695
0.0002054901415249
0.0000079411365732
-0.0003592513094191
-0.0000480600283481
-0.0000910371454665
-0.0001121749082813
-0.0000334143005603
0.0001986580900848
-0.0001176410441985
0.0001067576959031
0.0000787560784374
-0.0000307708469336
-0.0001528942957520
0.0001416507875547
-0.0000597024627496
0.0000299544481095
0.0001266232429771
-0.0002758413320407
-0.0000484409611090
0.0001360030873911
-0.0003893446119037
-0.0001439097686671
-0.0001954557956196
-0.0001134110061685
0.0000059424492065
-0.0000838113628561
0.0000035117773223
-0.0001877440954559
-0.0001950637379196
-0.0000984534563031
-0.0000537109954166
-0.0000936164578889
0.0000339888429153
-0.0000024048495106
0.0478156954050064
-0.0023294040001929
0.0280323140323162
0.0001419544132659
0.0000764595024521
-0.0003711493918672
-0.0002336181642022
0.0000695608032402
0.0353275202214718
0.0406318381428719
-0.0000196511391550
-0.0000384322411264
-0.0001033533771988
0.0002597518032417
-0.0003603601362556
0.0000839147251099
-0.0000248245469265
-0.0000126727391034
-0.0003002459707204
-0.0002505333395675
-0.0002122611040249
-0.0001015725429170
-0.0000385400635423
-0.0001473087177146
-0.0001229435147252
0.0001106978816097
0.0001511264999863
0.0001638074609218
0.0001911257859319
0.0002986944164149
-0.0001186982262880
-0.0000047293142416
0.0000359373880201
0.0000322366686305
-0.0000010846706573
-0.0002939672267530
0.0789720341563225
0.0001620125112822
-0.0000448257451353
0.0003619681519922
-0.0003925168421119
-0.0005044887075201
0.0000227428827202
0.0000002170927473
0.0000363212784578
0.0000969529937720
0.0000542725319974
-0.0003017956623808
-0.0000931372633204
-0.0002830678713508
0.0000200333652174
0.0000032285461202
0.0001200466213049
-0.0003116728621535
-0.0000945296778809
-0.0001501739461673
0.0001451294083381
0.0003432550583966
0.0001067720368155
-0.0001429909461876
0.0000485256714455
0.0000947700318648
-0.0000608175178058
-0.0000570179399801
0.0000262567991740
0.0002882154658437
0.0003778424579650
-0.0002446245634928
0.0001243892038474
-0.0001670025376370
-0.0000018767459551
-0.0000323248677887
0.0005189404473640
-0.0005678433226421
0.0038562696427107
0.0003645430842880
-0.0010789283551276
0.0011127023026347
0.0445515885949135
-0.0010754019021988
0.0435193516314030
0.0575240515172482
-0.0002484698779881
-0.0000851991353557
0.0000261275999947
-0.0000167322141351
-0.0000862040469656
0.0000557817693334
-0.0000146169986692
0.0001091793092201
0.0000545088187209
0.0001676832180237
-0.0003345238510519
-0.0000128457249957
0.0002428208536003
-0.0001358090376016
-0.0000825828610687
0.0001678578555584
0.0000214384199353
0.0000174172746483
-0.0000893506876309
-0.0001863380457507
-0.0000239419096033
-0.0000980945696938
-0.0001608871680219
0.0002002476830967
0.0001416789018549
-0.0000292714976240
0.0244248118251562
0.0246333032846451
-0.0054701254703104
0.0152355087921023
0.0199808031320572
0.0204317960888147
0.0094996728003025
-0.0004504555254243
0.0089973583817482
-0.0187057685106993
0.0000572104872845
-0.0000097243646451
-0.0007622644188814
0.0000503928058606
-0.0002620954473969
-0.0002207454090239
0.0001153307239292
-0.0001538440410513
0.0000190282444237
-0.0001274852256756
0.0000423679666710
-0.0002534992236178
0.0000235731204157
-0.0007648337050341
0.0000972961570369
0.0001504490646766
0.0000296712314594
-0.0000105608050944
-0.0000262162211584
-0.0001796658325475
0.0000889139701030
-0.0001719374413369
-0.0000055687341955
-0.0002618619473651
0.0001294436224271
0.0001969734876184
0.0606005713343620
-0.0038346024230123
-0.0011483116541058
0.0005602304590866
0.0000788398028817
0.0261394456028938
0.0002513317449484
0.0006127634551376
0.0577927865087986
-0.0001906747202156
-0.0000836827821331
-0.0000504822310177
0.0001420940971002
-0.0000288560404442
0.0000035034609027
-0.0000235155021073
-0.0000575774101890
0.0000970661058091
0.0002137675473932
0.0000887571950443
-0.0001172136326204
-0.0000590687996009
0.0002832382742781
-0.0002554099773988
0.0000048309411795
0.0000107332234620
-0.0000397661788156
-0.0000839930144139
-0.0002214928535977
-0.0004926142282784
0.0001499050122220
-0.0002089474000968
0.0002655761782080
0.0001270205830224
-0.0000084404273366
0.0000138367540785
0.0009991435799748
-0.0005585016915575
-0.0000818937987788
0.0845557302236557
0.0000775384687586
-0.0000698138683219
-0.0000406958024541
0.0000516431755386
-0.0004130427842028
-0.0002733741712291
-0.0001601599215064
0.0000255783452303
-0.0000442230521003
-0.0002580612781458
-0.0000429347128375
0.0000387650798075
-0.0001794661802705
-0.0001002839853754
-0.0000237631356867
0.0000175555906026
-0.0001512778399047
-0.0000758168462198
0.0002055702061625
-0.0001304063189309
0.0000788210018072
-0.0000762144700275
-0.0000673549511703
0.0001329510996584
0.0001426831004210
0.0000681703240843
-0.0000075010639193
-0.0002262374910060
-0.0000926156208152
-0.0001020794807118
0.0001268612104468
-0.0002084974403260
-0.0005009566666558
0.0000074105992098
-0.0000479582813568
0.0008089495822787
0.0624646805226803
0.0013392735272646
0.0550631582736969
-0.0008317589526996
-0.0037546388339251
0.0010900078341365
-0.0000885547051439
-0.0001073837993317
0.0003712329489645
-0.0001391721889377
-0.0001876046299003
-0.0000823330774438
0.0000312291813316
-0.0002747704857029
-0.0000735044450266
-0.0001144585839938
0.0000489524245495
0.0001346601056866
-0.0002874827769119
0.0000124625512399
0.0001051076542353
0.0000178571353899
0.0000098899181467
-0.0000181521318154
0.0001203847932629
0.0001757844001986
-0.0003717505023815
0.0001241675054189
-0.0000554912512598
-0.0000570682896068
-0.0001785696222214
0.0000512948572577
0.0002236193977296
0.0004968680441380
0.0831435397267342
0.0000817295440356
0.0007872683927417
0.0000772872153902
0.0000822095535113
-0.0001096854393836
-0.0000505250500282
0.0001707542396616
0.0001352864201181
0.0000410133725381
-0.0001150624884758
-0.0001370401296299
0.0001293879759032
0.0001024894954753
-0.0000708235966158
-0.0000007440685295
-0.0000349709807779
0.0000359682126145
0.0000482779869344
-0.0000208740821108
-0.0002018574741669
-0.0000487210891151
-0.0000709062514943
0.0000687445717631
-0.0001163804699900
-0.0000188614721992
0.0002270988479722
0.0000686220737407
0.0000265894814220
-0.0001431929267710
-0.0002243436756544
0.0001171178446384
0.0000357928947778
-0.0000685687336954
-0.0001789165544324
-0.0001449246483389
0.0000820282293716
0.0012988799717277
-0.0004476187168621
-0.0003743178094737
0.0000422092889494
0.0001598847447895
0.0758740231394768
0.0001840185286710
-0.0002914236683864
-0.0000249307668128
-0.0000675616611261
0.0000702431134414
-0.0002714783768170
-0.0000269362499239
-0.0000993204885162
-0.0000877008278621
-0.0001764832268236
0.0002544928283896
0.0000165184974321
0.0000726097641746
-0.0001099382425309
0.0000804698283901
0.0002484178403392
0.0000617506011622
-0.0000765807490097
-0.0001012298889691
-0.0001656686945353
0.0000986494487734
-0.0002702255442273
0.0002704927173909
0.0003760651452467
0.0000842179215397
-0.0000198027446459
0.0001273581874557
0.0020683924667537
-0.0003393241204321
0.0070164143107831
0.0007077482878231
-0.0036900124978274
0.0661397501826286
0.0415230393409729
-0.0003771352348849
0.0014119915431365
0.0003121016779914
0.0002892965858337
-0.0001234677911270
-0.0000796710301074
-0.0000349762085534
0.0001597609079909
-0.0001539753138786
-0.0000422373559559
-0.0004719314456452
0.0001139897722169
-0.0000855945472722
0.0000240130611928
0.0004905911046080
-0.0001991973840632
-0.0002019818348344
0.0002327337570023
0.0001970616576727
0.0000938237571972
0.0001695418759482
0.0000517544976901
-0.0002365543041378
-0.0001601903495612
-0.0001024817465805
-0.0001766255300026
0.0000721699907444
-0.0000512902042829
-0.0000550631957594
0.0000905714259716
0.0000509796664119
0.0002084311272483
-0.0006260238005780
-0.0011233811965212
0.0899779126048088
0.0001553342735860
0.0001517236232758
-0.0001007226237562
-0.0000486545613967
0.0000539645334356
0.0001016577443806
-0.0001996651117224
-0.0001967434945982
0.0001121403474826
0.0002052693307633
0.0001690977078397
0.0000265171474894
0.0001388426753692
0.0002608014619909
-0.0000189937272808
-0.0000741792027839
-0.0000316965015372
-0.0000025025037758
-0.0000122821365949
-0.0001218739562319
0.0001792207040126
0.0002269684628118
0.0000213559396798
0.0005122774746269
0.0001607890881132
-0.0000466804776806
-0.0000267903342319
0.0001207182358485
0.0000869261784828
-0.0000759973336244
0.0002434712077957
0.0008133231312968
0.0000498990848428
-0.0001605196739547
-0.0008728748653084
-0.0005104020237923
0.0558866299688816
0.0527669936418533
-0.0003581091004889
0.0002205022610724
-0.0001782396284398
0.0000457375863334
0.0000805448289611
-0.0002906711015385
-0.0000165340115927
0.0001734193210723
-0.0000340350088663
-0.0000518129963893
0.0001187855086755
0.0000612626172369
-0.0000063797415351
-0.0000820711647975
-0.0002073760551866
0.0000739398674341
-0.0001105084884330
-0.0001537275093142
-0.0001985340932151
-0.0000713101471774
0.0001788200897863
0.0000483365438413
-0.0002135896938853
0.0000612730000285
-0.0000348389366991
0.0002730569976848
0.0000532814810867
0.0000631545408396
-0.0001041213181452
-0.0012092450633645
0.0382914654910564
-0.0005780421197414
-0.0001058737834683
-0.0001011620188365
-0.0002206548087997
0.0643655955791473
0.0002516063395888
-0.0002480824477971
0.0000542591151316
-0.0000777504174039
0.0001953998871613
0.0000908571819309
0.0001323430915363
0.0001725384645397
0.0000438629431301
-0.0001468086556997
0.0000105370418169
0.0001614716893528
0.0000533741476829
-0.0000603211083217
-0.0001940243382705
-0.0001208176763612
0.0000876410194905
0.0001726730988594
0.0000187354016816
0.0002214711421402
-0.0001400506007485
0.0000515445244673
0.0000243407994276
-0.0000755916626076
-0.0000700674718246
0.0000887332134880
0.0001812592672650
-0.0002146127371816
