0.4609470069408417
0.6509786844253540
0.2509471178054810
0.5560974478721619
0.5137040019035339
0.4658012390136719
0.4451411664485931
0.4249588251113892
0.4624568223953247
0.4057419300079346
-1.3981345891952515
-1.6788066625595093
-1.6698509454727173
-0.5613684654235840
0.1333855092525482
-1.3920007944107056
-1.3132960796356201
-0.0718388929963112
-1.5133191347122192
-1.4792143106460571
-1.1120952367782593
-1.4206916093826294
-1.7016183137893677
-1.6070365905761719
-1.4973248243331909
-1.7120488882064819
-1.6596027612686157
-1.6835880279541016
-0.5540251135826111
-1.6892230510711670
-1.7635874748229980
-1.3936907052993774
-1.4513977766036987
-1.3829118013381958
-1.5445723533630371
-1.6425492763519287
