-0.5697936415672302
0.3474077880382538
-1.2125362157821655
-1.2706905603408813
-1.8001754283905029
-1.8914635181427002
-1.8412955999374390
-1.8515059947967529
-1.8651584386825562
-1.8746300935745239
0.5080786943435669
0.1004029288887978
0.1101050972938538
0.1695364117622375
0.2766185104846954
0.2950757145881653
0.3741211295127869
0.4491175413131714
-0.8008131384849548
0.4323840737342834
0.3496289253234863
0.6078347563743591
0.1892440319061279
0.3347815573215485
-1.6273069381713867
-0.0497333817183971
-1.8877701759338379
0.5604855418205261
0.3322043716907501
0.3888152241706848
0.1460769176483154
0.4822110533714294
0.1346917003393173
0.3815847933292389
0.1891421526670456
-0.2680526077747345
