0.3950865268707275
0.6475219726562500
0.2612339258193970
0.6201410889625549
0.3915187120437622
0.5795898437500000
0.4136723279953003
0.4768142998218536
0.4014481008052826
0.4605768322944641
0.4172093570232391
-1.4398293495178223
-1.4946124553680420
-1.7201572656631470
-1.6114244461059570
-1.2314684391021729
-1.4142731428146362
-1.4177373647689819
-0.7553571462631226
-1.5240008831024170
-1.8207359313964844
-1.6043097972869873
-1.5060966014862061
-1.6113157272338867
-1.5638741254806519
-1.6218323707580566
-1.5013614892959595
-0.5583674907684326
-1.4988437891006470
-1.6861662864685059
-1.1967139244079590
-1.7278442382812500
-1.7086443901062012
-1.2327657938003540
-1.5583337545394897
-0.0945954918861389
