0.6934762001037598
0.8126007318496704
0.5066380500793457
0.5003915429115295
0.4890107512474060
0.7079152464866638
0.3631859719753265
0.5113871097564697
0.5420879125595093
0.3550388514995575
-0.6904228925704956
-1.4978590011596680
-0.2357799559831619
-0.9239772558212280
-0.6552405357360840
-1.6227461099624634
-1.5957359075546265
-1.5558828115463257
-1.8250709772109985
-1.6255385875701904
-1.4593694210052490
-1.6925289630889893
-0.6804320812225342
-0.6914395689964294
-0.6464435458183289
-1.7961252927780151
-1.5216550827026367
-1.4965497255325317
-1.6936073303222656
-1.4138156175613403
-1.5706095695495605
-1.6030318737030029
-1.5650237798690796
-1.5852793455123901
-1.7318179607391357
-1.1494193077087402
