0.0600409619510174
0.1584566235542297
0.0013893739087507
0.0880236551165581
0.0088065117597580
0.2451660484075546
0.2442482113838196
-0.0239927433431149
0.0074446289800107
0.1566998511552811
0.0888996943831444
0.1035231053829193
0.0818823575973511
0.0560229532420635
-0.1204357743263245
0.2031096369028091
0.1424835026264191
-0.1284570693969727
-0.0824564918875694
0.0815858691930771
-0.1493761539459229
-0.0513625591993332
0.0661287233233452
0.0017108392203227
-0.2681647241115570
0.1027852520346642
0.0245249513536692
-0.0572613738477230
0.0562906600534916
-0.1957402676343918
-0.2459425032138824
0.1245137751102448
0.2429795265197754
0.1821902394294739
-0.5038672089576721
0.0907077714800835
-0.2584501802921295
0.0861982181668282
-0.0052448045462370
0.1580337285995483
-0.1409462094306946
0.1201604455709457
0.0751239508390427
0.0853257775306702
-0.1421295553445816
-0.0589235052466393
-0.2078540325164795
-0.1238390207290649
-0.2357902824878693
-0.1683880388736725
0.2448731809854507
0.0943353697657585
0.0029079096857458
0.0504702664911747
-0.0403072051703930
0.2859799861907959
0.0771229565143585
0.0681948587298393
0.2394750118255615
0.1456883251667023
-0.1441612988710403
0.0293458923697472
-0.0921250730752945
-0.1760061979293823
0.1652840971946716
0.2162279933691025
-0.0881325304508209
0.1661657840013504
-0.1027286946773529
0.0620960406959057
0.2001959234476089
-0.0778125077486038
0.0066903792321682
0.0148256188258529
-0.1822782158851624
-0.1648051440715790
-0.1304284781217575
0.0427862368524075
-0.1834293305873871
0.1070451065897942
-0.0607573837041855
0.1299117207527161
0.1765246391296387
-0.0643271431326866
-0.1801557838916779
-0.0801021829247475
0.0679379925131798
0.0467854626476765
-0.2241962701082230
0.0280333925038576
0.0290734507143497
0.1131722033023834
0.1615956723690033
-0.1383301764726639
-0.0988860726356506
-0.2210279852151871
0.3727167844772339
0.1647592037916183
0.0211184173822403
0.1503238976001740
0.0048893033526838
-0.0302273854613304
0.0402627997100353
-0.1412571519613266
-0.0000097494921647
-0.0678993612527847
-0.0223893783986568
0.0296667311340570
-0.1236945241689682
0.0178172178566456
-0.0840888395905495
-0.1188906878232956
-0.0650935843586922
-0.0606828220188618
-0.2688954472541809
0.0996085777878761
0.2595028281211853
0.0111595569178462
-0.0817531794309616
-0.0577566698193550
-0.0854250192642212
0.0102054523304105
-0.2616876661777496
0.1521044522523880
0.1548583209514618
0.2513346672058105
-0.0894516780972481
-0.0753352344036102
0.3812592625617981
-0.1213596761226654
-0.1417094916105270
-0.2653508484363556
0.0976109877228737
-0.1466816365718842
0.2753846347332001
0.2459664195775986
0.1304802596569061
0.0435281507670879
-0.3212723135948181
-0.0403523221611977
0.1882280707359314
0.0868103429675102
-0.1337938159704208
0.0924451425671577
-0.0886790156364441
0.0814564898610115
-0.1535593122243881
-0.1592383235692978
-0.0607421807944775
-0.0547059588134289
0.1664350479841232
0.2612126767635345
-0.0070238355547190
0.1027647256851196
-0.0579777508974075
-0.1585813909769058
0.1138474196195602
-0.0668196976184845
-0.0983181670308113
-0.1379740089178085
-0.1284006386995316
0.5168070793151855
0.1158560141921043
0.2744484543800354
0.1104533821344376
0.1891947388648987
0.4462741017341614
0.2336015999317169
0.1695010513067245
0.1324812322854996
-0.0606231167912483
0.0639866739511490
-0.1988511383533478
-0.0284260138869286
-0.0440931208431721
0.1904018074274063
0.0119770290330052
0.0300486814230680
0.1495526283979416
0.1788377612829208
-0.0787558630108833
0.3165071606636047
0.0594336576759815
0.1456934064626694
0.0374397113919258
-0.0805809572339058
0.2276234328746796
-0.1933574229478836
0.2649000883102417
-0.1193070560693741
0.0002767317928374
-0.1213483214378357
0.1561448872089386
-0.1829333752393723
-0.0919977128505707
-0.3049896657466888
-0.0100691169500351
-0.0443817526102066
0.0070078223943710
0.0857015773653984
-0.0900344625115395
0.1115706786513329
-0.1580865383148193
-0.0488082356750965
-0.1876380890607834
0.1452871859073639
0.1495732069015503
-0.0980709865689278
-0.0281614027917385
0.1806294471025467
-0.0518205426633358
-0.1154789403080940
-0.2949871420860291
-0.0364885814487934
-0.0758222863078117
0.0622896589338779
0.1043356806039810
-0.1302386522293091
0.0549828857183456
0.0784383490681648
-0.2116852700710297
0.1788621395826340
0.0846647545695305
-0.0296809859573841
-0.1346874088048935
0.0743263587355614
0.0021996789146215
-0.2408761829137802
0.1743923276662827
-0.0604336857795715
-0.2924268841743469
-0.2121609598398209
-0.1052235215902328
0.1060043871402740
-0.0155515922233462
-0.0609531216323376
0.0312500707805157
-0.1313069760799408
0.1186189725995064
-0.2233588695526123
0.0575355030596256
0.0178926400840282
-0.0521334707736969
0.1516416370868683
0.2435790002346039
-0.1118697449564934
-0.1669514477252960
-0.0488932691514492
0.2342006713151932
0.0898070037364960
-0.1424415707588196
0.0237727593630552
-0.2148786485195160
-0.2347663044929504
0.0808298289775848
-0.1099081560969353
0.0454283654689789
0.0565182752907276
-0.2305254340171814
-0.0758435353636742
0.1301255077123642
0.0289284568279982
0.4245732426643372
-0.0376652255654335
0.0659923925995827
0.1204804033041000
0.0589870065450668
-0.1090434268116951
-0.2218555063009262
-0.2118898928165436
0.1523655205965042
-0.2536091506481171
0.0616662576794624
0.1327521651983261
0.0731616243720055
0.1503606289625168
-0.0862148553133011
0.0476648323237896
0.0732630789279938
-0.1493171155452728
0.0854035168886185
0.1180254295468330
-0.2213409841060638
0.1447049677371979
-0.0001831752888393
-0.1234748065471649
-0.0243444330990314
-0.0031078585889190
-0.0644913911819458
0.3139332532882690
0.1288605630397797
0.1573677659034729
0.3264839351177216
0.3107011020183563
-0.0722980499267578
0.3719504475593567
0.0696442276239395
0.0701544806361198
-0.0133258495479822
0.1215859800577164
-0.1823881864547729
0.1029043793678284
0.2206603437662125
-0.2092822492122650
-0.0222002100199461
-0.0751220434904099
0.0881363302469254
-0.0327514410018921
0.0243482589721680
-0.0048099518753588
0.0259879212826490
0.0721216052770615
0.0682430341839790
-0.0601602829992771
0.1019861102104187
-0.4055795073509216
0.1360103935003281
-0.1728841364383698
0.0322421006858349
0.1428458392620087
-0.1175134629011154
-0.1113999336957932
-0.1054378896951675
-0.2758385837078094
-0.2630776166915894
-0.0687403455376625
0.4151994585990906
0.0897078514099121
-0.0889587923884392
-0.1178567409515381
-0.2866204082965851
-0.0360837504267693
0.3316416740417480
0.1688829809427261
0.1012180969119072
-0.1650776118040085
0.1559308469295502
0.2649614810943604
-0.0158227197825909
0.1219131797552109
-0.0478724427521229
0.1191588342189789
0.0649332255125046
0.1832206696271896
0.0053641265258193
0.0622614175081253
0.1329226940870285
0.0422898530960083
0.0909687951207161
0.0702303424477577
-0.1398825496435165
-0.1789054870605469
0.2316612005233765
0.2389115393161774
-0.1963809728622437
0.1839840412139893
0.0275671239942312
-0.0683390647172928
-0.0842729657888412
0.2264966368675232
0.0867926180362701
0.1655286550521851
0.1234670281410217
-0.1582967489957809
0.1952549219131470
-0.0571679249405861
-0.2117550373077393
0.0567236989736557
0.0542267672717571
0.1579924076795578
-0.1109662726521492
-0.0276160780340433
0.1064843460917473
0.1452545821666718
0.3117895722389221
0.1592800915241241
0.0026095600333065
-0.0933862254023552
0.2140040546655655
0.1081653162837029
-0.1037172451615334
-0.1369036585092545
0.0006652370211668
0.1162212416529655
0.1222820729017258
0.2490124702453613
0.0870251879096031
0.1169377788901329
0.1389018595218658
0.2810744345188141
0.2294237613677979
0.1313540339469910
0.0406427569687366
-0.0916709601879120
-0.0061568696983159
-0.1477860361337662
0.0049559790641069
0.0782266408205032
0.0154428500682116
-0.1517093181610107
0.1196775063872337
0.0108579890802503
0.0773145258426666
0.2000716924667358
0.0181737709790468
-0.0368542894721031
-0.1055256053805351
-0.2404622137546539
0.0917459428310394
-0.1742463558912277
-0.1178515329957008
-0.1254698336124420
0.1167432665824890
0.2316347211599350
-0.0810928046703339
-0.1821719855070114
0.0063618957065046
0.3922655880451202
-0.4042602479457855
0.3541522324085236
0.2289701849222183
0.1091883629560471
-0.2865966260433197
-0.3937792479991913
-0.1051571071147919
-0.1258324384689331
0.0041263611055911
0.0747786983847618
-0.2822305262088776
-0.0263288840651512
0.0854239314794540
0.0199015028774738
-0.1634927839040756
0.0094816908240318
-0.0355398133397102
-0.0347273200750351
0.2051346749067307
0.0033628691453487
0.0970230326056480
0.2961653470993042
-0.2203197479248047
0.1044760793447495
-0.1019388437271118
-0.2566246688365936
0.1195830106735229
-0.1083543449640274
-0.1952088773250580
-0.1380388587713242
0.1560786813497543
0.0792838409543037
-0.3123876750469208
-0.0967801734805107
-0.1710921823978424
0.1519425064325333
-0.0418868437409401
0.1097904145717621
-0.1072370260953903
0.0931000858545303
-0.1370425969362259
-0.0312321819365025
0.2008978724479675
-0.1418535858392715
0.0840969607234001
-0.2821819484233856
-0.0107883829623461
0.0081787770614028
0.1646894514560699
0.1548365503549576
-0.0639344975352287
-0.0370685569941998
-0.0680590122938156
-0.2309034168720245
0.1458361595869064
-0.1450649052858353
0.0239995028823614
-0.0341433994472027
0.1032006070017815
-0.0831963270902634
-0.2062916308641434
0.1050972789525986
0.1337203979492188
0.2956956624984741
0.0693045854568481
-0.1980883777141571
0.0966039896011353
-0.3288465440273285
-0.0704846307635307
-0.3312451243400574
-0.2230054587125778
-0.0851080715656281
-0.1746293306350708
-0.2332235574722290
-0.0877609550952911
0.0410448350012302
0.0659375041723251
0.0880896672606468
-0.0754394158720970
-0.1393486559391022
0.2270444929599762
-0.2129603326320648
0.0502287596464157
-0.3369222283363342
-0.1120846271514893
0.2774116098880768
0.0854199603199959
0.1501256078481674
0.3064016997814178
0.0719470530748367
-0.1750963777303696
0.0697060227394104
-0.1772226095199585
0.1365425735712051
0.1125835701823235
-0.1896576881408691
0.1270307302474976
0.0960903689265251
-0.0976980328559875
-0.2682408988475800
0.0846194773912430
0.0552891865372658
-0.1857571303844452
0.0583086311817169
-0.0738763958215714
0.0962735489010811
-0.1344733238220215
-0.0313931331038475
0.1104288101196289
-0.1149975806474686
-0.0853078663349152
-0.0203695856034756
-0.1043793559074402
-0.0636825039982796
-0.0086659397929907
0.1632287353277206
-0.0520933046936989
-0.0740623921155930
0.1538340300321579
0.0184676926583052
0.0967007800936699
0.1694820374250412
0.1151672825217247
0.0602371990680695
-0.0001549077860545
0.2027962207794189
-0.0278009604662657
0.3140507042407990
-0.1830399632453918
0.2081606686115265
0.3200416862964630
0.0185903236269951
0.1866703927516937
-0.1933048367500305
0.0040311673656106
0.0138451363891363
-0.0314703285694122
0.1501062661409378
-0.1056229099631310
0.2036523967981339
-0.2267646789550781
0.1117352023720741
0.1100999861955643
0.0982840135693550
-0.2312899231910706
0.0481341294944286
-0.1510368585586548
0.1650974899530411
0.3364475369453430
0.1727018207311630
0.2063229829072952
-0.0024216233287007
0.1889651715755463
0.0694563612341881
0.0163247957825661
-0.0650162845849991
-0.3283390402793884
-0.1703896373510361
